% BSP Data
16 1 5
% NUMA Data
0 0 0
0 1 1
0 2 4
0 3 4
0 4 16
0 5 16
0 6 16
0 7 16
0 8 64
0 9 64
0 10 64
0 11 64
0 12 64
0 13 64
0 14 64
0 15 64
1 0 1
1 1 0
1 2 4
1 3 4
1 4 16
1 5 16
1 6 16
1 7 16
1 8 64
1 9 64
1 10 64
1 11 64
1 12 64
1 13 64
1 14 64
1 15 64
2 0 4
2 1 4
2 2 0
2 3 1
2 4 16
2 5 16
2 6 16
2 7 16
2 8 64
2 9 64
2 10 64
2 11 64
2 12 64
2 13 64
2 14 64
2 15 64
3 0 4
3 1 4
3 2 1
3 3 0
3 4 16
3 5 16
3 6 16
3 7 16
3 8 64
3 9 64
3 10 64
3 11 64
3 12 64
3 13 64
3 14 64
3 15 64
4 0 16
4 1 16
4 2 16
4 3 16
4 4 0
4 5 1
4 6 4
4 7 4
4 8 64
4 9 64
4 10 64
4 11 64
4 12 64
4 13 64
4 14 64
4 15 64
5 0 16
5 1 16
5 2 16
5 3 16
5 4 1
5 5 0
5 6 4
5 7 4
5 8 64
5 9 64
5 10 64
5 11 64
5 12 64
5 13 64
5 14 64
5 15 64
6 0 16
6 1 16
6 2 16
6 3 16
6 4 4
6 5 4
6 6 0
6 7 1
6 8 64
6 9 64
6 10 64
6 11 64
6 12 64
6 13 64
6 14 64
6 15 64
7 0 16
7 1 16
7 2 16
7 3 16
7 4 4
7 5 4
7 6 1
7 7 0
7 8 64
7 9 64
7 10 64
7 11 64
7 12 64
7 13 64
7 14 64
7 15 64
8 0 64
8 1 64
8 2 64
8 3 64
8 4 64
8 5 64
8 6 64
8 7 64
8 8 0
8 9 1
8 10 4
8 11 4
8 12 16
8 13 16
8 14 16
8 15 16
9 0 64
9 1 64
9 2 64
9 3 64
9 4 64
9 5 64
9 6 64
9 7 64
9 8 1
9 9 0
9 10 4
9 11 4
9 12 16
9 13 16
9 14 16
9 15 16
10 0 64
10 1 64
10 2 64
10 3 64
10 4 64
10 5 64
10 6 64
10 7 64
10 8 4
10 9 4
10 10 0
10 11 1
10 12 16
10 13 16
10 14 16
10 15 16
11 0 64
11 1 64
11 2 64
11 3 64
11 4 64
11 5 64
11 6 64
11 7 64
11 8 4
11 9 4
11 10 1
11 11 0
11 12 16
11 13 16
11 14 16
11 15 16
12 0 64
12 1 64
12 2 64
12 3 64
12 4 64
12 5 64
12 6 64
12 7 64
12 8 16
12 9 16
12 10 16
12 11 16
12 12 0
12 13 1
12 14 4
12 15 4
13 0 64
13 1 64
13 2 64
13 3 64
13 4 64
13 5 64
13 6 64
13 7 64
13 8 16
13 9 16
13 10 16
13 11 16
13 12 1
13 13 0
13 14 4
13 15 4
14 0 64
14 1 64
14 2 64
14 3 64
14 4 64
14 5 64
14 6 64
14 7 64
14 8 16
14 9 16
14 10 16
14 11 16
14 12 4
14 13 4
14 14 0
14 15 1
15 0 64
15 1 64
15 2 64
15 3 64
15 4 64
15 5 64
15 6 64
15 7 64
15 8 16
15 9 16
15 10 16
15 11 16
15 12 4
15 13 4
15 14 1
15 15 0
