% BSP Data
16 1 5
% NUMA Data
0 0 0
0 1 1
0 2 3
0 3 3
0 4 9
0 5 9
0 6 9
0 7 9
0 8 27
0 9 27
0 10 27
0 11 27
0 12 27
0 13 27
0 14 27
0 15 27
1 0 1
1 1 0
1 2 3
1 3 3
1 4 9
1 5 9
1 6 9
1 7 9
1 8 27
1 9 27
1 10 27
1 11 27
1 12 27
1 13 27
1 14 27
1 15 27
2 0 3
2 1 3
2 2 0
2 3 1
2 4 9
2 5 9
2 6 9
2 7 9
2 8 27
2 9 27
2 10 27
2 11 27
2 12 27
2 13 27
2 14 27
2 15 27
3 0 3
3 1 3
3 2 1
3 3 0
3 4 9
3 5 9
3 6 9
3 7 9
3 8 27
3 9 27
3 10 27
3 11 27
3 12 27
3 13 27
3 14 27
3 15 27
4 0 9
4 1 9
4 2 9
4 3 9
4 4 0
4 5 1
4 6 3
4 7 3
4 8 27
4 9 27
4 10 27
4 11 27
4 12 27
4 13 27
4 14 27
4 15 27
5 0 9
5 1 9
5 2 9
5 3 9
5 4 1
5 5 0
5 6 3
5 7 3
5 8 27
5 9 27
5 10 27
5 11 27
5 12 27
5 13 27
5 14 27
5 15 27
6 0 9
6 1 9
6 2 9
6 3 9
6 4 3
6 5 3
6 6 0
6 7 1
6 8 27
6 9 27
6 10 27
6 11 27
6 12 27
6 13 27
6 14 27
6 15 27
7 0 9
7 1 9
7 2 9
7 3 9
7 4 3
7 5 3
7 6 1
7 7 0
7 8 27
7 9 27
7 10 27
7 11 27
7 12 27
7 13 27
7 14 27
7 15 27
8 0 27
8 1 27
8 2 27
8 3 27
8 4 27
8 5 27
8 6 27
8 7 27
8 8 0
8 9 1
8 10 3
8 11 3
8 12 9
8 13 9
8 14 9
8 15 9
9 0 27
9 1 27
9 2 27
9 3 27
9 4 27
9 5 27
9 6 27
9 7 27
9 8 1
9 9 0
9 10 3
9 11 3
9 12 9
9 13 9
9 14 9
9 15 9
10 0 27
10 1 27
10 2 27
10 3 27
10 4 27
10 5 27
10 6 27
10 7 27
10 8 3
10 9 3
10 10 0
10 11 1
10 12 9
10 13 9
10 14 9
10 15 9
11 0 27
11 1 27
11 2 27
11 3 27
11 4 27
11 5 27
11 6 27
11 7 27
11 8 3
11 9 3
11 10 1
11 11 0
11 12 9
11 13 9
11 14 9
11 15 9
12 0 27
12 1 27
12 2 27
12 3 27
12 4 27
12 5 27
12 6 27
12 7 27
12 8 9
12 9 9
12 10 9
12 11 9
12 12 0
12 13 1
12 14 3
12 15 3
13 0 27
13 1 27
13 2 27
13 3 27
13 4 27
13 5 27
13 6 27
13 7 27
13 8 9
13 9 9
13 10 9
13 11 9
13 12 1
13 13 0
13 14 3
13 15 3
14 0 27
14 1 27
14 2 27
14 3 27
14 4 27
14 5 27
14 6 27
14 7 27
14 8 9
14 9 9
14 10 9
14 11 9
14 12 3
14 13 3
14 14 0
14 15 1
15 0 27
15 1 27
15 2 27
15 3 27
15 4 27
15 5 27
15 6 27
15 7 27
15 8 9
15 9 9
15 10 9
15 11 9
15 12 3
15 13 3
15 14 1
15 15 0
