% Converted version of coarse-grained hyperDAG from k-means.txt
31 40 76
0 0
0 3
1 1
1 5
2 2
2 3
3 3
3 7
4 4
4 5
5 5
5 37
6 6
6 7
7 7
7 20
7 21
7 29
7 30
7 35
7 36
7 37
7 38
7 39
8 8
8 14
9 9
9 15
10 10
10 16
11 11
11 13
12 12
12 13
13 13
13 22
14 14
14 19
15 15
15 20
16 16
16 21
17 17
17 19
18 18
18 19
19 19
19 20
19 23
20 20
20 21
20 24
21 21
21 22
21 25
22 22
22 31
23 23
23 28
24 24
24 29
25 25
25 30
26 26
26 28
27 27
27 28
28 28
28 29
28 32
29 29
29 30
29 33
30 30
30 31
30 34
0 1 1
1 1 1
2 1 1
3 2 1
4 1 1
5 2 1
6 1 1
7 2 1
8 1 1
9 1 1
10 1 1
11 1 1
12 1 1
13 2 1
14 1 1
15 1 1
16 1 1
17 1 1
18 1 1
19 3 1
20 3 1
21 3 1
22 2 1
23 1 1
24 1 1
25 1 1
26 1 1
27 1 1
28 3 1
29 3 1
30 3 1
31 2 1
32 1 1
33 1 1
34 1 1
35 1 1
36 1 1
37 2 1
38 1 1
39 1 1
