%HyperDAG model of SpMV operation.
%The probability for having a nonzero in any cell of matrix A is 0.25
68 78 155
0 0
0 11
0 17
0 29
0 41
1 1
1 13
1 31
1 37
1 55
2 2
2 19
2 33
2 51
3 3
3 15
3 21
3 47
4 4
4 57
5 5
5 25
5 59
6 6
6 53
6 61
6 65
7 7
7 27
7 43
7 67
8 8
8 23
8 39
8 45
8 49
8 63
9 9
9 35
10 10
10 11
11 11
11 68
12 12
12 13
13 13
13 68
14 14
14 15
15 15
15 68
16 16
16 17
17 17
17 69
18 18
18 19
19 19
19 69
20 20
20 21
21 21
21 69
22 22
22 23
23 23
23 69
24 24
24 25
25 25
25 70
26 26
26 27
27 27
27 70
28 28
28 29
29 29
29 71
30 30
30 31
31 31
31 71
32 32
32 33
33 33
33 71
34 34
34 35
35 35
35 71
36 36
36 37
37 37
37 72
38 38
38 39
39 39
39 72
40 40
40 41
41 41
41 73
42 42
42 43
43 43
43 73
44 44
44 45
45 45
45 73
46 46
46 47
47 47
47 74
48 48
48 49
49 49
49 74
50 50
50 51
51 51
51 75
52 52
52 53
53 53
53 75
54 54
54 55
55 55
55 76
56 56
56 57
57 57
57 76
58 58
58 59
59 59
59 76
60 60
60 61
61 61
61 76
62 62
62 63
63 63
63 76
64 64
64 65
65 65
65 77
66 66
66 67
67 67
67 77
0 1 1
1 1 1
2 1 1
3 1 1
4 1 1
5 1 1
6 1 1
7 1 1
8 1 1
9 1 1
10 1 1
11 2 1
12 1 1
13 2 1
14 1 1
15 2 1
16 1 1
17 2 1
18 1 1
19 2 1
20 1 1
21 2 1
22 1 1
23 2 1
24 1 1
25 2 1
26 1 1
27 2 1
28 1 1
29 2 1
30 1 1
31 2 1
32 1 1
33 2 1
34 1 1
35 2 1
36 1 1
37 2 1
38 1 1
39 2 1
40 1 1
41 2 1
42 1 1
43 2 1
44 1 1
45 2 1
46 1 1
47 2 1
48 1 1
49 2 1
50 1 1
51 2 1
52 1 1
53 2 1
54 1 1
55 2 1
56 1 1
57 2 1
58 1 1
59 2 1
60 1 1
61 2 1
62 1 1
63 2 1
64 1 1
65 2 1
66 1 1
67 2 1
68 3 1
69 4 1
70 2 1
71 4 1
72 2 1
73 3 1
74 2 1
75 2 1
76 5 1
77 2 1
