%HyperDAG model of naive implementation of 1 iterations of the conjugate gradient method.
%The probability for having a nonzero in any cell of matrix A is 0.35
70 78 190
0 0
0 13
0 43
1 1
1 14
1 44
2 2
2 15
2 45
3 3
3 16
3 46
4 4
4 17
4 47
5 5
5 18
5 48
6 6
6 19
6 49
7 7
7 20
7 50
8 8
8 21
8 51
9 9
9 13
9 16
9 18
9 20
9 66
10 10
10 14
10 21
10 67
11 11
11 17
11 19
11 68
12 12
12 15
12 69
13 13
13 22
14 14
14 22
15 15
15 22
16 16
16 23
17 17
17 23
18 18
18 24
19 19
19 24
20 20
20 25
21 21
21 25
22 22
22 30
23 23
23 31
24 24
24 32
25 25
25 33
26 26
26 30
27 27
27 31
28 28
28 32
29 29
29 33
30 30
30 34
30 38
30 74
31 31
31 35
31 39
31 75
32 32
32 36
32 40
32 76
33 33
33 37
33 41
33 77
34 34
34 43
34 46
34 48
34 50
34 56
34 62
35 35
35 44
35 51
35 57
35 63
36 36
36 47
36 49
36 58
36 64
37 37
37 45
37 59
37 65
38 38
38 42
39 39
39 42
40 40
40 42
41 41
41 42
42 42
42 61
43 43
43 52
44 44
44 52
45 45
45 52
46 46
46 53
47 47
47 53
48 48
48 54
49 49
49 54
50 50
50 55
51 51
51 55
52 52
52 56
52 70
53 53
53 57
53 71
54 54
54 58
54 72
55 55
55 59
55 73
56 56
56 60
57 57
57 60
58 58
58 60
59 59
59 60
60 60
60 61
61 61
61 62
61 63
61 64
61 65
61 70
61 71
61 72
61 73
62 62
62 66
63 63
63 67
64 64
64 68
65 65
65 69
66 70
66 74
67 71
67 75
68 72
68 76
69 73
69 77
0 1 1
1 1 1
2 1 1
3 1 1
4 1 1
5 1 1
6 1 1
7 1 1
8 1 1
9 1 1
10 1 1
11 1 1
12 1 1
13 2 1
14 2 1
15 2 1
16 2 1
17 2 1
18 2 1
19 2 1
20 2 1
21 2 1
22 3 1
23 2 1
24 2 1
25 2 1
26 1 1
27 1 1
28 1 1
29 1 1
30 2 1
31 2 1
32 2 1
33 2 1
34 1 1
35 1 1
36 1 1
37 1 1
38 1 1
39 1 1
40 1 1
41 1 1
42 4 1
43 2 1
44 2 1
45 2 1
46 2 1
47 2 1
48 2 1
49 2 1
50 2 1
51 2 1
52 3 1
53 2 1
54 2 1
55 2 1
56 2 1
57 2 1
58 2 1
59 2 1
60 4 1
61 2 1
62 2 1
63 2 1
64 2 1
65 2 1
66 2 1
67 2 1
68 2 1
69 2 1
70 2 1
71 2 1
72 2 1
73 2 1
74 2 1
75 2 1
76 2 1
77 2 1
