%HyperDAG model of naive implementation of 3 iterations of kNN, starting from node number 2 (i.e. sparse vector with 1 entry).
%The probability for having a nonzero in any cell of matrix A is 0.50, and the main diagonal is set to 1.
44 48 116
0 0
0 19
0 32
1 1
1 20
1 33
2 2
2 13
2 21
2 34
3 3
3 22
3 35
4 4
4 23
4 36
5 5
5 14
5 24
5 37
6 6
6 38
7 7
7 25
7 39
8 8
8 15
8 26
8 40
9 9
9 41
10 10
10 27
10 42
11 11
11 43
12 12
12 13
12 14
12 15
13 13
13 16
14 14
14 17
15 15
15 18
16 16
16 19
16 22
16 25
17 17
17 20
17 23
17 27
18 18
18 21
18 24
18 26
19 19
19 28
20 20
20 28
21 21
21 28
22 22
22 29
23 23
23 29
24 24
24 29
25 25
25 30
26 26
26 30
27 27
27 31
28 28
28 32
28 35
28 39
29 29
29 33
29 36
29 42
30 30
30 34
30 37
30 40
31 31
31 38
31 41
31 43
32 32
32 44
33 33
33 44
34 34
34 44
35 35
35 45
36 36
36 45
37 37
37 45
38 38
38 45
39 39
39 46
40 40
40 46
41 41
41 46
42 42
42 47
43 43
43 47
0 1 1
1 1 1
2 1 1
3 1 1
4 1 1
5 1 1
6 1 1
7 1 1
8 1 1
9 1 1
10 1 1
11 1 1
12 1 1
13 2 1
14 2 1
15 2 1
16 1 1
17 1 1
18 1 1
19 2 1
20 2 1
21 2 1
22 2 1
23 2 1
24 2 1
25 2 1
26 2 1
27 2 1
28 3 1
29 3 1
30 2 1
31 1 1
32 2 1
33 2 1
34 2 1
35 2 1
36 2 1
37 2 1
38 2 1
39 2 1
40 2 1
41 2 1
42 2 1
43 2 1
44 3 1
45 4 1
46 3 1
47 2 1
