%HyperDAG model of naive implementation of 2 iterations of the conjugate gradient method.
%The probability for having a nonzero in any cell of matrix A is 0.75
61 65 169
0 0
0 6
0 21
0 47
1 1
1 7
1 22
1 48
2 2
2 8
2 23
2 49
3 3
3 9
3 24
3 50
4 4
4 6
4 8
4 33
5 5
5 7
5 9
5 34
6 6
6 10
7 7
7 10
8 8
8 11
9 9
9 11
10 10
10 14
11 11
11 15
12 12
12 14
13 13
13 15
14 14
14 16
14 18
14 37
15 15
15 17
15 19
15 38
16 16
16 21
16 23
16 27
16 31
16 43
17 17
17 22
17 24
17 28
17 32
17 44
18 18
18 20
19 19
19 20
20 20
20 30
20 42
21 21
21 25
22 22
22 25
23 23
23 26
24 24
24 26
25 25
25 27
25 35
26 26
26 28
26 36
27 27
27 29
28 28
28 29
29 29
29 30
30 30
30 31
30 32
30 35
30 36
31 31
31 33
32 32
32 34
33 33
33 59
34 34
34 60
35 35
35 37
36 36
36 38
37 37
37 39
37 45
37 63
38 38
38 40
38 46
38 64
39 39
39 41
40 40
40 41
41 41
41 42
41 56
42 42
42 43
42 44
43 43
43 45
44 44
44 46
45 45
45 47
45 49
45 53
45 57
46 46
46 48
46 50
46 54
46 58
47 47
47 51
48 48
48 51
49 49
49 52
50 50
50 52
51 51
51 53
51 61
52 52
52 54
52 62
53 53
53 55
54 54
54 55
55 55
55 56
56 56
56 57
56 58
56 61
56 62
57 57
57 59
58 58
58 60
59 61
59 63
60 62
60 64
0 1 1
1 1 1
2 1 1
3 1 1
4 1 1
5 1 1
6 2 1
7 2 1
8 2 1
9 2 1
10 2 1
11 2 1
12 1 1
13 1 1
14 2 1
15 2 1
16 1 1
17 1 1
18 1 1
19 1 1
20 2 1
21 2 1
22 2 1
23 2 1
24 2 1
25 2 1
26 2 1
27 2 1
28 2 1
29 2 1
30 2 1
31 2 1
32 2 1
33 2 1
34 2 1
35 2 1
36 2 1
37 2 1
38 2 1
39 1 1
40 1 1
41 2 1
42 2 1
43 2 1
44 2 1
45 2 1
46 2 1
47 2 1
48 2 1
49 2 1
50 2 1
51 2 1
52 2 1
53 2 1
54 2 1
55 2 1
56 2 1
57 2 1
58 2 1
59 2 1
60 2 1
61 2 1
62 2 1
63 2 1
64 2 1
