%HyperDAG model of SpMV operation.
%The probability for having a nonzero in any cell of matrix A is 0.40
42 48 96
0 0
0 7
0 17
0 23
0 29
0 37
1 1
1 9
1 25
1 31
1 39
2 2
2 19
2 41
3 3
3 11
3 33
4 4
4 13
4 21
4 27
4 35
5 5
5 15
6 6
6 7
7 7
7 42
8 8
8 9
9 9
9 42
10 10
10 11
11 11
11 42
12 12
12 13
13 13
13 42
14 14
14 15
15 15
15 42
16 16
16 17
17 17
17 43
18 18
18 19
19 19
19 43
20 20
20 21
21 21
21 43
22 22
22 23
23 23
23 44
24 24
24 25
25 25
25 44
26 26
26 27
27 27
27 44
28 28
28 29
29 29
29 45
30 30
30 31
31 31
31 46
32 32
32 33
33 33
33 46
34 34
34 35
35 35
35 46
36 36
36 37
37 37
37 47
38 38
38 39
39 39
39 47
40 40
40 41
41 41
41 47
0 1 1
1 1 1
2 1 1
3 1 1
4 1 1
5 1 1
6 1 1
7 2 1
8 1 1
9 2 1
10 1 1
11 2 1
12 1 1
13 2 1
14 1 1
15 2 1
16 1 1
17 2 1
18 1 1
19 2 1
20 1 1
21 2 1
22 1 1
23 2 1
24 1 1
25 2 1
26 1 1
27 2 1
28 1 1
29 2 1
30 1 1
31 2 1
32 1 1
33 2 1
34 1 1
35 2 1
36 1 1
37 2 1
38 1 1
39 2 1
40 1 1
41 2 1
42 5 1
43 3 1
44 3 1
45 1 1
46 3 1
47 3 1
