%HyperDAG model of naive implementation of A^3 *v with sparse matrix A and dense vector v.
%The probability for having a nonzero in any cell of matrix A is 0.40
59 63 161
0 0
0 17
0 33
0 48
1 1
1 18
1 34
1 49
2 2
2 19
2 35
2 50
3 3
3 20
4 4
4 21
4 36
4 51
5 5
5 22
5 37
5 52
6 6
6 23
6 38
6 53
7 7
7 24
7 39
7 54
8 8
8 25
8 40
8 55
9 9
9 26
9 41
9 56
10 10
10 27
10 42
10 57
11 11
11 28
11 43
11 58
12 12
12 17
12 21
12 24
13 13
13 18
13 22
13 27
14 14
14 25
15 15
15 19
15 23
15 26
15 28
16 16
16 20
17 17
17 29
18 18
18 29
19 19
19 29
20 20
20 29
21 21
21 30
22 22
22 30
23 23
23 30
24 24
24 31
25 25
25 31
26 26
26 31
27 27
27 32
28 28
28 32
29 29
29 33
29 36
29 39
30 30
30 34
30 37
30 42
31 31
31 40
32 32
32 35
32 38
32 41
32 43
33 33
33 44
34 34
34 44
35 35
35 44
36 36
36 45
37 37
37 45
38 38
38 45
39 39
39 46
40 40
40 46
41 41
41 46
42 42
42 47
43 43
43 47
44 44
44 48
44 51
44 54
45 45
45 49
45 52
45 57
46 46
46 55
47 47
47 50
47 53
47 56
47 58
48 48
48 59
49 49
49 59
50 50
50 59
51 51
51 60
52 52
52 60
53 53
53 60
54 54
54 61
55 55
55 61
56 56
56 61
57 57
57 62
58 58
58 62
0 1 1
1 1 1
2 1 1
3 1 1
4 1 1
5 1 1
6 1 1
7 1 1
8 1 1
9 1 1
10 1 1
11 1 1
12 1 1
13 1 1
14 1 1
15 1 1
16 1 1
17 2 1
18 2 1
19 2 1
20 2 1
21 2 1
22 2 1
23 2 1
24 2 1
25 2 1
26 2 1
27 2 1
28 2 1
29 4 1
30 3 1
31 3 1
32 2 1
33 2 1
34 2 1
35 2 1
36 2 1
37 2 1
38 2 1
39 2 1
40 2 1
41 2 1
42 2 1
43 2 1
44 3 1
45 3 1
46 3 1
47 2 1
48 2 1
49 2 1
50 2 1
51 2 1
52 2 1
53 2 1
54 2 1
55 2 1
56 2 1
57 2 1
58 2 1
59 3 1
60 3 1
61 3 1
62 2 1
