% Converted version of coarse-grained hyperDAG from bicgstab.txt
39 54 101
0 0
0 2
1 1
1 2
2 2
2 19
2 32
2 38
2 46
2 49
2 51
2 52
3 3
3 12
4 4
4 14
5 5
5 21
6 6
6 24
7 7
7 26
8 8
8 28
9 9
9 33
10 10
10 18
11 11
11 12
12 12
12 16
13 13
13 14
14 14
14 22
14 29
15 15
15 16
16 16
16 19
16 40
17 17
17 18
18 18
18 19
19 19
19 23
19 37
20 20
20 21
21 21
21 22
22 22
22 23
23 23
23 24
23 33
23 42
24 25
24 26
25 26
25 32
25 40
25 46
25 50
25 51
25 53
26 27
26 28
27 28
27 29
27 31
28 29
28 44
29 30
29 31
30 31
30 32
31 32
31 35
31 44
31 45
32 33
32 35
33 34
33 35
34 35
34 38
34 41
34 42
34 47
35 36
35 37
36 37
36 38
37 38
37 43
37 48
38 39
38 40
0 1 1
1 1 1
2 2 1
3 1 1
4 1 1
5 1 1
6 1 1
7 1 1
8 1 1
9 1 1
10 1 1
11 1 1
12 2 1
13 1 1
14 2 1
15 1 1
16 2 1
17 1 1
18 2 1
19 3 1
20 1 1
21 2 1
22 2 1
23 2 1
24 2 1
25 1 1
26 2 1
27 1 1
28 2 1
29 2 1
30 1 1
31 2 1
32 3 1
33 2 1
34 1 1
35 3 1
36 1 1
37 2 1
38 3 1
39 1 1
40 3 1
41 1 1
42 2 1
43 1 1
44 2 1
45 1 1
46 2 1
47 1 1
48 1 1
49 1 1
50 1 1
51 2 1
52 1 1
53 1 1
