% Converted version of coarse-grained hyperDAG from pregel_connected_components_gyro_m.txt
527 555 2135
0 0
0 7
1 1
1 21
2 2
2 23
3 3
3 37
4 4
4 12
5 5
5 15
6 6
6 7
7 7
7 13
7 16
7 46
7 61
7 76
7 91
7 106
7 121
7 136
7 151
7 166
7 181
7 196
7 211
7 226
7 241
7 256
7 271
7 286
7 301
7 316
7 331
7 346
7 361
7 376
7 391
7 406
7 421
7 436
7 451
7 466
7 481
7 496
7 511
7 526
7 536
7 543
7 544
7 545
7 546
7 547
7 548
7 549
7 550
7 551
7 552
7 553
7 554
8 8
8 10
9 9
9 10
10 10
10 13
10 16
10 19
11 11
11 12
12 12
12 13
13 14
13 15
14 15
14 16
15 17
15 25
16 18
16 27
17 19
17 32
17 33
17 34
17 35
17 36
18 20
18 21
19 21
19 32
19 33
19 34
19 35
19 36
19 39
19 52
20 22
20 23
21 23
21 40
22 24
22 25
23 25
23 43
24 26
24 27
25 27
25 46
25 61
25 76
25 91
25 106
25 121
25 136
25 151
25 166
25 181
25 196
25 211
25 226
25 241
25 256
25 271
25 286
25 301
25 316
25 331
25 346
25 361
25 376
25 391
25 406
25 421
25 436
25 451
25 466
25 481
25 496
25 511
25 526
25 536
25 543
25 544
25 545
25 546
25 547
25 548
25 549
25 550
25 551
25 552
25 553
25 554
26 28
26 32
26 33
26 34
26 35
26 36
27 29
27 32
27 33
27 34
27 35
27 36
28 30
28 32
28 33
28 34
28 35
28 36
29 31
29 32
29 33
29 34
29 35
29 36
30 32
30 47
30 48
30 49
30 50
30 51
31 33
31 47
31 48
31 49
31 50
31 51
32 34
32 47
32 48
32 49
32 50
32 51
33 35
33 47
33 48
33 49
33 50
33 51
34 36
34 47
34 48
34 49
34 50
34 51
35 37
35 39
36 38
36 39
37 39
37 42
37 45
37 46
37 47
37 48
37 49
37 50
37 51
37 54
37 67
38 40
38 42
39 41
39 42
40 42
40 55
41 43
41 45
42 44
42 45
43 45
43 46
44 46
44 58
45 47
45 62
45 63
45 64
45 65
45 66
46 48
46 62
46 63
46 64
46 65
46 66
47 49
47 62
47 63
47 64
47 65
47 66
48 50
48 62
48 63
48 64
48 65
48 66
49 51
49 62
49 63
49 64
49 65
49 66
50 52
50 54
51 53
51 54
52 54
52 57
52 60
52 61
52 62
52 63
52 64
52 65
52 66
52 69
52 82
53 55
53 57
54 56
54 57
55 57
55 70
56 58
56 60
57 59
57 60
58 60
58 61
59 61
59 73
60 62
60 77
60 78
60 79
60 80
60 81
61 63
61 77
61 78
61 79
61 80
61 81
62 64
62 77
62 78
62 79
62 80
62 81
63 65
63 77
63 78
63 79
63 80
63 81
64 66
64 77
64 78
64 79
64 80
64 81
65 67
65 69
66 68
66 69
67 69
67 72
67 75
67 76
67 77
67 78
67 79
67 80
67 81
67 84
67 97
68 70
68 72
69 71
69 72
70 72
70 85
71 73
71 75
72 74
72 75
73 75
73 76
74 76
74 88
75 77
75 92
75 93
75 94
75 95
75 96
76 78
76 92
76 93
76 94
76 95
76 96
77 79
77 92
77 93
77 94
77 95
77 96
78 80
78 92
78 93
78 94
78 95
78 96
79 81
79 92
79 93
79 94
79 95
79 96
80 82
80 84
81 83
81 84
82 84
82 87
82 90
82 91
82 92
82 93
82 94
82 95
82 96
82 99
82 112
83 85
83 87
84 86
84 87
85 87
85 100
86 88
86 90
87 89
87 90
88 90
88 91
89 91
89 103
90 92
90 107
90 108
90 109
90 110
90 111
91 93
91 107
91 108
91 109
91 110
91 111
92 94
92 107
92 108
92 109
92 110
92 111
93 95
93 107
93 108
93 109
93 110
93 111
94 96
94 107
94 108
94 109
94 110
94 111
95 97
95 99
96 98
96 99
97 99
97 102
97 105
97 106
97 107
97 108
97 109
97 110
97 111
97 114
97 127
98 100
98 102
99 101
99 102
100 102
100 115
101 103
101 105
102 104
102 105
103 105
103 106
104 106
104 118
105 107
105 122
105 123
105 124
105 125
105 126
106 108
106 122
106 123
106 124
106 125
106 126
107 109
107 122
107 123
107 124
107 125
107 126
108 110
108 122
108 123
108 124
108 125
108 126
109 111
109 122
109 123
109 124
109 125
109 126
110 112
110 114
111 113
111 114
112 114
112 117
112 120
112 121
112 122
112 123
112 124
112 125
112 126
112 129
112 142
113 115
113 117
114 116
114 117
115 117
115 130
116 118
116 120
117 119
117 120
118 120
118 121
119 121
119 133
120 122
120 137
120 138
120 139
120 140
120 141
121 123
121 137
121 138
121 139
121 140
121 141
122 124
122 137
122 138
122 139
122 140
122 141
123 125
123 137
123 138
123 139
123 140
123 141
124 126
124 137
124 138
124 139
124 140
124 141
125 127
125 129
126 128
126 129
127 129
127 132
127 135
127 136
127 137
127 138
127 139
127 140
127 141
127 144
127 157
128 130
128 132
129 131
129 132
130 132
130 145
131 133
131 135
132 134
132 135
133 135
133 136
134 136
134 148
135 137
135 152
135 153
135 154
135 155
135 156
136 138
136 152
136 153
136 154
136 155
136 156
137 139
137 152
137 153
137 154
137 155
137 156
138 140
138 152
138 153
138 154
138 155
138 156
139 141
139 152
139 153
139 154
139 155
139 156
140 142
140 144
141 143
141 144
142 144
142 147
142 150
142 151
142 152
142 153
142 154
142 155
142 156
142 159
142 172
143 145
143 147
144 146
144 147
145 147
145 160
146 148
146 150
147 149
147 150
148 150
148 151
149 151
149 163
150 152
150 167
150 168
150 169
150 170
150 171
151 153
151 167
151 168
151 169
151 170
151 171
152 154
152 167
152 168
152 169
152 170
152 171
153 155
153 167
153 168
153 169
153 170
153 171
154 156
154 167
154 168
154 169
154 170
154 171
155 157
155 159
156 158
156 159
157 159
157 162
157 165
157 166
157 167
157 168
157 169
157 170
157 171
157 174
157 187
158 160
158 162
159 161
159 162
160 162
160 175
161 163
161 165
162 164
162 165
163 165
163 166
164 166
164 178
165 167
165 182
165 183
165 184
165 185
165 186
166 168
166 182
166 183
166 184
166 185
166 186
167 169
167 182
167 183
167 184
167 185
167 186
168 170
168 182
168 183
168 184
168 185
168 186
169 171
169 182
169 183
169 184
169 185
169 186
170 172
170 174
171 173
171 174
172 174
172 177
172 180
172 181
172 182
172 183
172 184
172 185
172 186
172 189
172 202
173 175
173 177
174 176
174 177
175 177
175 190
176 178
176 180
177 179
177 180
178 180
178 181
179 181
179 193
180 182
180 197
180 198
180 199
180 200
180 201
181 183
181 197
181 198
181 199
181 200
181 201
182 184
182 197
182 198
182 199
182 200
182 201
183 185
183 197
183 198
183 199
183 200
183 201
184 186
184 197
184 198
184 199
184 200
184 201
185 187
185 189
186 188
186 189
187 189
187 192
187 195
187 196
187 197
187 198
187 199
187 200
187 201
187 204
187 217
188 190
188 192
189 191
189 192
190 192
190 205
191 193
191 195
192 194
192 195
193 195
193 196
194 196
194 208
195 197
195 212
195 213
195 214
195 215
195 216
196 198
196 212
196 213
196 214
196 215
196 216
197 199
197 212
197 213
197 214
197 215
197 216
198 200
198 212
198 213
198 214
198 215
198 216
199 201
199 212
199 213
199 214
199 215
199 216
200 202
200 204
201 203
201 204
202 204
202 207
202 210
202 211
202 212
202 213
202 214
202 215
202 216
202 219
202 232
203 205
203 207
204 206
204 207
205 207
205 220
206 208
206 210
207 209
207 210
208 210
208 211
209 211
209 223
210 212
210 227
210 228
210 229
210 230
210 231
211 213
211 227
211 228
211 229
211 230
211 231
212 214
212 227
212 228
212 229
212 230
212 231
213 215
213 227
213 228
213 229
213 230
213 231
214 216
214 227
214 228
214 229
214 230
214 231
215 217
215 219
216 218
216 219
217 219
217 222
217 225
217 226
217 227
217 228
217 229
217 230
217 231
217 234
217 247
218 220
218 222
219 221
219 222
220 222
220 235
221 223
221 225
222 224
222 225
223 225
223 226
224 226
224 238
225 227
225 242
225 243
225 244
225 245
225 246
226 228
226 242
226 243
226 244
226 245
226 246
227 229
227 242
227 243
227 244
227 245
227 246
228 230
228 242
228 243
228 244
228 245
228 246
229 231
229 242
229 243
229 244
229 245
229 246
230 232
230 234
231 233
231 234
232 234
232 237
232 240
232 241
232 242
232 243
232 244
232 245
232 246
232 249
232 262
233 235
233 237
234 236
234 237
235 237
235 250
236 238
236 240
237 239
237 240
238 240
238 241
239 241
239 253
240 242
240 257
240 258
240 259
240 260
240 261
241 243
241 257
241 258
241 259
241 260
241 261
242 244
242 257
242 258
242 259
242 260
242 261
243 245
243 257
243 258
243 259
243 260
243 261
244 246
244 257
244 258
244 259
244 260
244 261
245 247
245 249
246 248
246 249
247 249
247 252
247 255
247 256
247 257
247 258
247 259
247 260
247 261
247 264
247 277
248 250
248 252
249 251
249 252
250 252
250 265
251 253
251 255
252 254
252 255
253 255
253 256
254 256
254 268
255 257
255 272
255 273
255 274
255 275
255 276
256 258
256 272
256 273
256 274
256 275
256 276
257 259
257 272
257 273
257 274
257 275
257 276
258 260
258 272
258 273
258 274
258 275
258 276
259 261
259 272
259 273
259 274
259 275
259 276
260 262
260 264
261 263
261 264
262 264
262 267
262 270
262 271
262 272
262 273
262 274
262 275
262 276
262 279
262 292
263 265
263 267
264 266
264 267
265 267
265 280
266 268
266 270
267 269
267 270
268 270
268 271
269 271
269 283
270 272
270 287
270 288
270 289
270 290
270 291
271 273
271 287
271 288
271 289
271 290
271 291
272 274
272 287
272 288
272 289
272 290
272 291
273 275
273 287
273 288
273 289
273 290
273 291
274 276
274 287
274 288
274 289
274 290
274 291
275 277
275 279
276 278
276 279
277 279
277 282
277 285
277 286
277 287
277 288
277 289
277 290
277 291
277 294
277 307
278 280
278 282
279 281
279 282
280 282
280 295
281 283
281 285
282 284
282 285
283 285
283 286
284 286
284 298
285 287
285 302
285 303
285 304
285 305
285 306
286 288
286 302
286 303
286 304
286 305
286 306
287 289
287 302
287 303
287 304
287 305
287 306
288 290
288 302
288 303
288 304
288 305
288 306
289 291
289 302
289 303
289 304
289 305
289 306
290 292
290 294
291 293
291 294
292 294
292 297
292 300
292 301
292 302
292 303
292 304
292 305
292 306
292 309
292 322
293 295
293 297
294 296
294 297
295 297
295 310
296 298
296 300
297 299
297 300
298 300
298 301
299 301
299 313
300 302
300 317
300 318
300 319
300 320
300 321
301 303
301 317
301 318
301 319
301 320
301 321
302 304
302 317
302 318
302 319
302 320
302 321
303 305
303 317
303 318
303 319
303 320
303 321
304 306
304 317
304 318
304 319
304 320
304 321
305 307
305 309
306 308
306 309
307 309
307 312
307 315
307 316
307 317
307 318
307 319
307 320
307 321
307 324
307 337
308 310
308 312
309 311
309 312
310 312
310 325
311 313
311 315
312 314
312 315
313 315
313 316
314 316
314 328
315 317
315 332
315 333
315 334
315 335
315 336
316 318
316 332
316 333
316 334
316 335
316 336
317 319
317 332
317 333
317 334
317 335
317 336
318 320
318 332
318 333
318 334
318 335
318 336
319 321
319 332
319 333
319 334
319 335
319 336
320 322
320 324
321 323
321 324
322 324
322 327
322 330
322 331
322 332
322 333
322 334
322 335
322 336
322 339
322 352
323 325
323 327
324 326
324 327
325 327
325 340
326 328
326 330
327 329
327 330
328 330
328 331
329 331
329 343
330 332
330 347
330 348
330 349
330 350
330 351
331 333
331 347
331 348
331 349
331 350
331 351
332 334
332 347
332 348
332 349
332 350
332 351
333 335
333 347
333 348
333 349
333 350
333 351
334 336
334 347
334 348
334 349
334 350
334 351
335 337
335 339
336 338
336 339
337 339
337 342
337 345
337 346
337 347
337 348
337 349
337 350
337 351
337 354
337 367
338 340
338 342
339 341
339 342
340 342
340 355
341 343
341 345
342 344
342 345
343 345
343 346
344 346
344 358
345 347
345 362
345 363
345 364
345 365
345 366
346 348
346 362
346 363
346 364
346 365
346 366
347 349
347 362
347 363
347 364
347 365
347 366
348 350
348 362
348 363
348 364
348 365
348 366
349 351
349 362
349 363
349 364
349 365
349 366
350 352
350 354
351 353
351 354
352 354
352 357
352 360
352 361
352 362
352 363
352 364
352 365
352 366
352 369
352 382
353 355
353 357
354 356
354 357
355 357
355 370
356 358
356 360
357 359
357 360
358 360
358 361
359 361
359 373
360 362
360 377
360 378
360 379
360 380
360 381
361 363
361 377
361 378
361 379
361 380
361 381
362 364
362 377
362 378
362 379
362 380
362 381
363 365
363 377
363 378
363 379
363 380
363 381
364 366
364 377
364 378
364 379
364 380
364 381
365 367
365 369
366 368
366 369
367 369
367 372
367 375
367 376
367 377
367 378
367 379
367 380
367 381
367 384
367 397
368 370
368 372
369 371
369 372
370 372
370 385
371 373
371 375
372 374
372 375
373 375
373 376
374 376
374 388
375 377
375 392
375 393
375 394
375 395
375 396
376 378
376 392
376 393
376 394
376 395
376 396
377 379
377 392
377 393
377 394
377 395
377 396
378 380
378 392
378 393
378 394
378 395
378 396
379 381
379 392
379 393
379 394
379 395
379 396
380 382
380 384
381 383
381 384
382 384
382 387
382 390
382 391
382 392
382 393
382 394
382 395
382 396
382 399
382 412
383 385
383 387
384 386
384 387
385 387
385 400
386 388
386 390
387 389
387 390
388 390
388 391
389 391
389 403
390 392
390 407
390 408
390 409
390 410
390 411
391 393
391 407
391 408
391 409
391 410
391 411
392 394
392 407
392 408
392 409
392 410
392 411
393 395
393 407
393 408
393 409
393 410
393 411
394 396
394 407
394 408
394 409
394 410
394 411
395 397
395 399
396 398
396 399
397 399
397 402
397 405
397 406
397 407
397 408
397 409
397 410
397 411
397 414
397 427
398 400
398 402
399 401
399 402
400 402
400 415
401 403
401 405
402 404
402 405
403 405
403 406
404 406
404 418
405 407
405 422
405 423
405 424
405 425
405 426
406 408
406 422
406 423
406 424
406 425
406 426
407 409
407 422
407 423
407 424
407 425
407 426
408 410
408 422
408 423
408 424
408 425
408 426
409 411
409 422
409 423
409 424
409 425
409 426
410 412
410 414
411 413
411 414
412 414
412 417
412 420
412 421
412 422
412 423
412 424
412 425
412 426
412 429
412 442
413 415
413 417
414 416
414 417
415 417
415 430
416 418
416 420
417 419
417 420
418 420
418 421
419 421
419 433
420 422
420 437
420 438
420 439
420 440
420 441
421 423
421 437
421 438
421 439
421 440
421 441
422 424
422 437
422 438
422 439
422 440
422 441
423 425
423 437
423 438
423 439
423 440
423 441
424 426
424 437
424 438
424 439
424 440
424 441
425 427
425 429
426 428
426 429
427 429
427 432
427 435
427 436
427 437
427 438
427 439
427 440
427 441
427 444
427 457
428 430
428 432
429 431
429 432
430 432
430 445
431 433
431 435
432 434
432 435
433 435
433 436
434 436
434 448
435 437
435 452
435 453
435 454
435 455
435 456
436 438
436 452
436 453
436 454
436 455
436 456
437 439
437 452
437 453
437 454
437 455
437 456
438 440
438 452
438 453
438 454
438 455
438 456
439 441
439 452
439 453
439 454
439 455
439 456
440 442
440 444
441 443
441 444
442 444
442 447
442 450
442 451
442 452
442 453
442 454
442 455
442 456
442 459
442 472
443 445
443 447
444 446
444 447
445 447
445 460
446 448
446 450
447 449
447 450
448 450
448 451
449 451
449 463
450 452
450 467
450 468
450 469
450 470
450 471
451 453
451 467
451 468
451 469
451 470
451 471
452 454
452 467
452 468
452 469
452 470
452 471
453 455
453 467
453 468
453 469
453 470
453 471
454 456
454 467
454 468
454 469
454 470
454 471
455 457
455 459
456 458
456 459
457 459
457 462
457 465
457 466
457 467
457 468
457 469
457 470
457 471
457 474
457 487
458 460
458 462
459 461
459 462
460 462
460 475
461 463
461 465
462 464
462 465
463 465
463 466
464 466
464 478
465 467
465 482
465 483
465 484
465 485
465 486
466 468
466 482
466 483
466 484
466 485
466 486
467 469
467 482
467 483
467 484
467 485
467 486
468 470
468 482
468 483
468 484
468 485
468 486
469 471
469 482
469 483
469 484
469 485
469 486
470 472
470 474
471 473
471 474
472 474
472 477
472 480
472 481
472 482
472 483
472 484
472 485
472 486
472 489
472 502
473 475
473 477
474 476
474 477
475 477
475 490
476 478
476 480
477 479
477 480
478 480
478 481
479 481
479 493
480 482
480 497
480 498
480 499
480 500
480 501
481 483
481 497
481 498
481 499
481 500
481 501
482 484
482 497
482 498
482 499
482 500
482 501
483 485
483 497
483 498
483 499
483 500
483 501
484 486
484 497
484 498
484 499
484 500
484 501
485 487
485 489
486 488
486 489
487 489
487 492
487 495
487 496
487 497
487 498
487 499
487 500
487 501
487 504
487 517
488 490
488 492
489 491
489 492
490 492
490 505
491 493
491 495
492 494
492 495
493 495
493 496
494 496
494 508
495 497
495 512
495 513
495 514
495 515
495 516
496 498
496 512
496 513
496 514
496 515
496 516
497 499
497 512
497 513
497 514
497 515
497 516
498 500
498 512
498 513
498 514
498 515
498 516
499 501
499 512
499 513
499 514
499 515
499 516
500 502
500 504
501 503
501 504
502 504
502 507
502 510
502 511
502 512
502 513
502 514
502 515
502 516
502 519
502 532
503 505
503 507
504 506
504 507
505 507
505 520
506 508
506 510
507 509
507 510
508 510
508 511
509 511
509 523
510 512
510 527
510 528
510 529
510 530
510 531
511 513
511 527
511 528
511 529
511 530
511 531
512 514
512 527
512 528
512 529
512 530
512 531
513 515
513 527
513 528
513 529
513 530
513 531
514 516
514 527
514 528
514 529
514 530
514 531
515 517
515 519
516 518
516 519
517 519
517 522
517 525
517 526
517 527
517 528
517 529
517 530
517 531
517 533
517 542
518 520
518 522
519 521
519 522
520 522
520 534
521 523
521 525
522 524
522 525
523 525
523 526
524 526
524 535
525 527
525 537
525 538
525 539
525 540
525 541
526 528
526 537
0 1 1
1 1 1
2 1 1
3 1 1
4 1 1
5 1 1
6 1 1
7 2 1
8 1 1
9 1 1
10 2 1
11 1 1
12 2 1
13 3 1
14 1 1
15 2 1
16 3 1
17 1 1
18 1 1
19 1 1
20 1 1
21 2 1
22 1 1
23 2 1
24 1 1
25 2 1
26 1 1
27 2 1
28 1 1
29 1 1
30 1 1
31 1 1
32 6 1
33 6 1
34 6 1
35 6 1
36 6 1
37 1 1
38 1 1
39 3 1
40 1 1
41 1 1
42 3 1
43 1 1
44 1 1
45 3 1
46 4 1
47 6 1
48 6 1
49 6 1
50 6 1
51 6 1
52 1 1
53 1 1
54 3 1
55 1 1
56 1 1
57 3 1
58 1 1
59 1 1
60 3 1
61 4 1
62 6 1
63 6 1
64 6 1
65 6 1
66 6 1
67 1 1
68 1 1
69 3 1
70 1 1
71 1 1
72 3 1
73 1 1
74 1 1
75 3 1
76 4 1
77 6 1
78 6 1
79 6 1
80 6 1
81 6 1
82 1 1
83 1 1
84 3 1
85 1 1
86 1 1
87 3 1
88 1 1
89 1 1
90 3 1
91 4 1
92 6 1
93 6 1
94 6 1
95 6 1
96 6 1
97 1 1
98 1 1
99 3 1
100 1 1
101 1 1
102 3 1
103 1 1
104 1 1
105 3 1
106 4 1
107 6 1
108 6 1
109 6 1
110 6 1
111 6 1
112 1 1
113 1 1
114 3 1
115 1 1
116 1 1
117 3 1
118 1 1
119 1 1
120 3 1
121 4 1
122 6 1
123 6 1
124 6 1
125 6 1
126 6 1
127 1 1
128 1 1
129 3 1
130 1 1
131 1 1
132 3 1
133 1 1
134 1 1
135 3 1
136 4 1
137 6 1
138 6 1
139 6 1
140 6 1
141 6 1
142 1 1
143 1 1
144 3 1
145 1 1
146 1 1
147 3 1
148 1 1
149 1 1
150 3 1
151 4 1
152 6 1
153 6 1
154 6 1
155 6 1
156 6 1
157 1 1
158 1 1
159 3 1
160 1 1
161 1 1
162 3 1
163 1 1
164 1 1
165 3 1
166 4 1
167 6 1
168 6 1
169 6 1
170 6 1
171 6 1
172 1 1
173 1 1
174 3 1
175 1 1
176 1 1
177 3 1
178 1 1
179 1 1
180 3 1
181 4 1
182 6 1
183 6 1
184 6 1
185 6 1
186 6 1
187 1 1
188 1 1
189 3 1
190 1 1
191 1 1
192 3 1
193 1 1
194 1 1
195 3 1
196 4 1
197 6 1
198 6 1
199 6 1
200 6 1
201 6 1
202 1 1
203 1 1
204 3 1
205 1 1
206 1 1
207 3 1
208 1 1
209 1 1
210 3 1
211 4 1
212 6 1
213 6 1
214 6 1
215 6 1
216 6 1
217 1 1
218 1 1
219 3 1
220 1 1
221 1 1
222 3 1
223 1 1
224 1 1
225 3 1
226 4 1
227 6 1
228 6 1
229 6 1
230 6 1
231 6 1
232 1 1
233 1 1
234 3 1
235 1 1
236 1 1
237 3 1
238 1 1
239 1 1
240 3 1
241 4 1
242 6 1
243 6 1
244 6 1
245 6 1
246 6 1
247 1 1
248 1 1
249 3 1
250 1 1
251 1 1
252 3 1
253 1 1
254 1 1
255 3 1
256 4 1
257 6 1
258 6 1
259 6 1
260 6 1
261 6 1
262 1 1
263 1 1
264 3 1
265 1 1
266 1 1
267 3 1
268 1 1
269 1 1
270 3 1
271 4 1
272 6 1
273 6 1
274 6 1
275 6 1
276 6 1
277 1 1
278 1 1
279 3 1
280 1 1
281 1 1
282 3 1
283 1 1
284 1 1
285 3 1
286 4 1
287 6 1
288 6 1
289 6 1
290 6 1
291 6 1
292 1 1
293 1 1
294 3 1
295 1 1
296 1 1
297 3 1
298 1 1
299 1 1
300 3 1
301 4 1
302 6 1
303 6 1
304 6 1
305 6 1
306 6 1
307 1 1
308 1 1
309 3 1
310 1 1
311 1 1
312 3 1
313 1 1
314 1 1
315 3 1
316 4 1
317 6 1
318 6 1
319 6 1
320 6 1
321 6 1
322 1 1
323 1 1
324 3 1
325 1 1
326 1 1
327 3 1
328 1 1
329 1 1
330 3 1
331 4 1
332 6 1
333 6 1
334 6 1
335 6 1
336 6 1
337 1 1
338 1 1
339 3 1
340 1 1
341 1 1
342 3 1
343 1 1
344 1 1
345 3 1
346 4 1
347 6 1
348 6 1
349 6 1
350 6 1
351 6 1
352 1 1
353 1 1
354 3 1
355 1 1
356 1 1
357 3 1
358 1 1
359 1 1
360 3 1
361 4 1
362 6 1
363 6 1
364 6 1
365 6 1
366 6 1
367 1 1
368 1 1
369 3 1
370 1 1
371 1 1
372 3 1
373 1 1
374 1 1
375 3 1
376 4 1
377 6 1
378 6 1
379 6 1
380 6 1
381 6 1
382 1 1
383 1 1
384 3 1
385 1 1
386 1 1
387 3 1
388 1 1
389 1 1
390 3 1
391 4 1
392 6 1
393 6 1
394 6 1
395 6 1
396 6 1
397 1 1
398 1 1
399 3 1
400 1 1
401 1 1
402 3 1
403 1 1
404 1 1
405 3 1
406 4 1
407 6 1
408 6 1
409 6 1
410 6 1
411 6 1
412 1 1
413 1 1
414 3 1
415 1 1
416 1 1
417 3 1
418 1 1
419 1 1
420 3 1
421 4 1
422 6 1
423 6 1
424 6 1
425 6 1
426 6 1
427 1 1
428 1 1
429 3 1
430 1 1
431 1 1
432 3 1
433 1 1
434 1 1
435 3 1
436 4 1
437 6 1
438 6 1
439 6 1
440 6 1
441 6 1
442 1 1
443 1 1
444 3 1
445 1 1
446 1 1
447 3 1
448 1 1
449 1 1
450 3 1
451 4 1
452 6 1
453 6 1
454 6 1
455 6 1
456 6 1
457 1 1
458 1 1
459 3 1
460 1 1
461 1 1
462 3 1
463 1 1
464 1 1
465 3 1
466 4 1
467 6 1
468 6 1
469 6 1
470 6 1
471 6 1
472 1 1
473 1 1
474 3 1
475 1 1
476 1 1
477 3 1
478 1 1
479 1 1
480 3 1
481 4 1
482 6 1
483 6 1
484 6 1
485 6 1
486 6 1
487 1 1
488 1 1
489 3 1
490 1 1
491 1 1
492 3 1
493 1 1
494 1 1
495 3 1
496 4 1
497 6 1
498 6 1
499 6 1
500 6 1
501 6 1
502 1 1
503 1 1
504 3 1
505 1 1
506 1 1
507 3 1
508 1 1
509 1 1
510 3 1
511 4 1
512 6 1
513 6 1
514 6 1
515 6 1
516 6 1
517 1 1
518 1 1
519 3 1
520 1 1
521 1 1
522 3 1
523 1 1
524 1 1
525 3 1
526 4 1
527 6 1
528 6 1
529 6 1
530 6 1
531 6 1
532 1 1
533 1 1
534 1 1
535 1 1
536 2 1
537 2 1
538 1 1
539 1 1
540 1 1
541 1 1
542 1 1
543 2 1
544 2 1
545 2 1
546 2 1
547 2 1
548 2 1
549 2 1
550 2 1
551 2 1
552 2 1
553 2 1
554 2 1
