%HyperDAG model of naive implementation of 9 iterations of kNN, starting from node number 4 (i.e. sparse vector with 1 entry).
%The probability for having a nonzero in any cell of matrix A is 0.15, and the main diagonal is set to 1.
484 497 1507
0 0
0 60
0 105
0 161
0 217
0 273
0 329
0 385
0 441
1 1
1 106
1 162
1 218
1 274
1 330
1 386
1 442
2 2
2 44
2 61
2 107
2 163
2 219
2 275
2 331
2 387
2 443
3 3
3 62
3 108
3 164
3 220
3 276
3 332
3 388
3 444
4 4
4 109
4 165
4 221
4 277
4 333
4 389
4 445
5 5
5 63
5 110
5 166
5 222
5 278
5 334
5 390
5 446
6 6
6 64
6 111
6 167
6 223
6 279
6 335
6 391
6 447
7 7
7 112
7 168
7 224
7 280
7 336
7 392
7 448
8 8
8 65
8 113
8 169
8 225
8 281
8 337
8 393
8 449
9 9
9 45
9 66
9 114
9 170
9 226
9 282
9 338
9 394
9 450
10 10
10 67
10 115
10 171
10 227
10 283
10 339
10 395
10 451
11 11
11 116
11 172
11 228
11 284
11 340
11 396
11 452
12 12
12 68
12 117
12 173
12 229
12 285
12 341
12 397
12 453
13 13
13 69
13 118
13 174
13 230
13 286
13 342
13 398
13 454
14 14
14 46
14 70
14 119
14 175
14 231
14 287
14 343
14 399
14 455
15 15
15 47
15 71
15 120
15 176
15 232
15 288
15 344
15 400
15 456
16 16
16 72
16 121
16 177
16 233
16 289
16 345
16 401
16 457
17 17
17 73
17 122
17 178
17 234
17 290
17 346
17 402
17 458
18 18
18 123
18 179
18 235
18 291
18 347
18 403
18 459
19 19
19 74
19 124
19 180
19 236
19 292
19 348
19 404
19 460
20 20
20 48
20 75
20 125
20 181
20 237
20 293
20 349
20 405
20 461
21 21
21 76
21 126
21 182
21 238
21 294
21 350
21 406
21 462
22 22
22 127
22 183
22 239
22 295
22 351
22 407
22 463
23 23
23 77
23 128
23 184
23 240
23 296
23 352
23 408
23 464
24 24
24 129
24 185
24 241
24 297
24 353
24 409
24 465
25 25
25 78
25 130
25 186
25 242
25 298
25 354
25 410
25 466
26 26
26 49
26 79
26 131
26 187
26 243
26 299
26 355
26 411
26 467
27 27
27 80
27 132
27 188
27 244
27 300
27 356
27 412
27 468
28 28
28 81
28 133
28 189
28 245
28 301
28 357
28 413
28 469
29 29
29 134
29 190
29 246
29 302
29 358
29 414
29 470
30 30
30 50
30 82
30 135
30 191
30 247
30 303
30 359
30 415
30 471
31 31
31 83
31 136
31 192
31 248
31 304
31 360
31 416
31 472
32 32
32 84
32 137
32 193
32 249
32 305
32 361
32 417
32 473
33 33
33 138
33 194
33 250
33 306
33 362
33 418
33 474
34 34
34 85
34 139
34 195
34 251
34 307
34 363
34 419
34 475
35 35
35 140
35 196
35 252
35 308
35 364
35 420
35 476
36 36
36 86
36 141
36 197
36 253
36 309
36 365
36 421
36 477
37 37
37 51
37 87
37 142
37 198
37 254
37 310
37 366
37 422
37 478
38 38
38 88
38 143
38 199
38 255
38 311
38 367
38 423
38 479
39 39
39 89
39 144
39 200
39 256
39 312
39 368
39 424
39 480
40 40
40 90
40 145
40 201
40 257
40 313
40 369
40 425
40 481
41 41
41 91
41 146
41 202
41 258
41 314
41 370
41 426
41 482
42 42
42 147
42 203
42 259
42 315
42 371
42 427
42 483
43 43
43 44
43 45
43 46
43 47
43 48
43 49
43 50
43 51
44 44
44 52
45 45
45 53
46 46
46 54
47 47
47 55
48 48
48 56
49 49
49 57
50 50
50 58
51 51
51 59
52 52
52 60
52 62
52 74
52 77
52 81
53 53
53 63
53 65
53 78
53 86
54 54
54 69
54 73
54 90
55 55
55 61
55 66
55 70
55 71
55 75
55 79
55 82
55 87
56 56
56 76
56 83
56 88
57 57
57 64
57 67
57 80
58 58
58 68
58 84
58 85
58 91
59 59
59 72
59 89
60 60
60 92
61 61
61 92
62 62
62 93
63 63
63 93
64 64
64 93
65 65
65 94
66 66
66 94
67 67
67 94
68 68
68 94
69 69
69 95
70 70
70 95
71 71
71 96
72 72
72 96
73 73
73 97
74 74
74 98
75 75
75 98
76 76
76 98
77 77
77 99
78 78
78 99
79 79
79 99
80 80
80 99
81 81
81 100
82 82
82 101
83 83
83 101
84 84
84 101
85 85
85 102
86 86
86 103
87 87
87 103
88 88
88 103
89 89
89 103
90 90
90 104
91 91
91 104
92 92
92 105
92 108
92 124
92 128
92 133
93 93
93 106
93 109
93 112
93 129
93 138
94 94
94 110
94 113
94 130
94 141
95 95
95 118
95 122
95 145
96 96
96 107
96 114
96 119
96 120
96 125
96 131
96 135
96 142
97 97
97 123
98 98
98 126
98 136
98 143
99 99
99 111
99 115
99 132
100 100
100 116
100 134
101 101
101 117
101 137
101 139
101 146
102 102
102 127
102 140
103 103
103 121
103 144
104 104
104 147
105 105
105 148
106 106
106 148
107 107
107 148
108 108
108 149
109 109
109 149
110 110
110 149
111 111
111 149
112 112
112 150
113 113
113 150
114 114
114 150
115 115
115 150
116 116
116 150
117 117
117 150
118 118
118 151
119 119
119 151
120 120
120 152
121 121
121 152
122 122
122 153
123 123
123 153
124 124
124 154
125 125
125 154
126 126
126 154
127 127
127 154
128 128
128 155
129 129
129 155
130 130
130 155
131 131
131 155
132 132
132 155
133 133
133 156
134 134
134 156
135 135
135 157
136 136
136 157
137 137
137 157
138 138
138 158
139 139
139 158
140 140
140 158
141 141
141 159
142 142
142 159
143 143
143 159
144 144
144 159
145 145
145 160
146 146
146 160
147 147
147 160
148 148
148 161
148 164
148 180
148 184
148 189
149 149
149 162
149 165
149 168
149 185
149 194
150 150
150 166
150 169
150 186
150 197
151 151
151 174
151 178
151 201
152 152
152 163
152 170
152 175
152 176
152 181
152 187
152 191
152 198
153 153
153 179
154 154
154 182
154 192
154 199
155 155
155 167
155 171
155 188
156 156
156 172
156 190
157 157
157 173
157 193
157 195
157 202
158 158
158 183
158 196
159 159
159 177
159 200
160 160
160 203
161 161
161 204
162 162
162 204
163 163
163 204
164 164
164 205
165 165
165 205
166 166
166 205
167 167
167 205
168 168
168 206
169 169
169 206
170 170
170 206
171 171
171 206
172 172
172 206
173 173
173 206
174 174
174 207
175 175
175 207
176 176
176 208
177 177
177 208
178 178
178 209
179 179
179 209
180 180
180 210
181 181
181 210
182 182
182 210
183 183
183 210
184 184
184 211
185 185
185 211
186 186
186 211
187 187
187 211
188 188
188 211
189 189
189 212
190 190
190 212
191 191
191 213
192 192
192 213
193 193
193 213
194 194
194 214
195 195
195 214
196 196
196 214
197 197
197 215
198 198
198 215
199 199
199 215
200 200
200 215
201 201
201 216
202 202
202 216
203 203
203 216
204 204
204 217
204 220
204 236
204 240
204 245
205 205
205 218
205 221
205 224
205 241
205 250
206 206
206 222
206 225
206 242
206 253
207 207
207 230
207 234
207 257
208 208
208 219
208 226
208 231
208 232
208 237
208 243
208 247
208 254
209 209
209 235
210 210
210 238
210 248
210 255
211 211
211 223
211 227
211 244
212 212
212 228
212 246
213 213
213 229
213 249
213 251
213 258
214 214
214 239
214 252
215 215
215 233
215 256
216 216
216 259
217 217
217 260
218 218
218 260
219 219
219 260
220 220
220 261
221 221
221 261
222 222
222 261
223 223
223 261
224 224
224 262
225 225
225 262
226 226
226 262
227 227
227 262
228 228
228 262
229 229
229 262
230 230
230 263
231 231
231 263
232 232
232 264
233 233
233 264
234 234
234 265
235 235
235 265
236 236
236 266
237 237
237 266
238 238
238 266
239 239
239 266
240 240
240 267
241 241
241 267
242 242
242 267
243 243
243 267
244 244
244 267
245 245
245 268
246 246
246 268
247 247
247 269
248 248
248 269
249 249
249 269
250 250
250 270
251 251
251 270
252 252
252 270
253 253
253 271
254 254
254 271
255 255
255 271
256 256
256 271
257 257
257 272
258 258
258 272
259 259
259 272
260 260
260 273
260 276
260 292
260 296
260 301
261 261
261 274
261 277
261 280
261 297
261 306
262 262
262 278
262 281
262 298
262 309
263 263
263 286
263 290
263 313
264 264
264 275
264 282
264 287
264 288
264 293
264 299
264 303
264 310
265 265
265 291
266 266
266 294
266 304
266 311
267 267
267 279
267 283
267 300
268 268
268 284
268 302
269 269
269 285
269 305
269 307
269 314
270 270
270 295
270 308
271 271
271 289
271 312
272 272
272 315
273 273
273 316
274 274
274 316
275 275
275 316
276 276
276 317
277 277
277 317
278 278
278 317
279 279
279 317
280 280
280 318
281 281
281 318
282 282
282 318
283 283
283 318
284 284
284 318
285 285
285 318
286 286
286 319
287 287
287 319
288 288
288 320
289 289
289 320
290 290
290 321
291 291
291 321
292 292
292 322
293 293
293 322
294 294
294 322
295 295
295 322
296 296
296 323
297 297
297 323
298 298
298 323
299 299
299 323
300 300
300 323
301 301
301 324
302 302
302 324
303 303
303 325
304 304
304 325
305 305
305 325
306 306
306 326
307 307
307 326
308 308
308 326
309 309
309 327
310 310
310 327
311 311
311 327
312 312
312 327
313 313
313 328
314 314
314 328
315 315
315 328
316 316
316 329
316 332
316 348
316 352
316 357
317 317
317 330
317 333
317 336
317 353
317 362
318 318
318 334
318 337
318 354
318 365
319 319
319 342
319 346
319 369
320 320
320 331
320 338
320 343
320 344
320 349
320 355
320 359
320 366
321 321
321 347
322 322
322 350
322 360
322 367
323 323
323 335
323 339
323 356
324 324
324 340
324 358
325 325
325 341
325 361
325 363
325 370
326 326
326 351
326 364
327 327
327 345
327 368
328 328
328 371
329 329
329 372
330 330
330 372
331 331
331 372
332 332
332 373
333 333
333 373
334 334
334 373
335 335
335 373
336 336
336 374
337 337
337 374
338 338
338 374
339 339
339 374
340 340
340 374
341 341
341 374
342 342
342 375
343 343
343 375
344 344
344 376
345 345
345 376
346 346
346 377
347 347
347 377
348 348
348 378
349 349
349 378
350 350
350 378
351 351
351 378
352 352
352 379
353 353
353 379
354 354
354 379
355 355
355 379
356 356
356 379
357 357
357 380
358 358
358 380
359 359
359 381
360 360
360 381
361 361
361 381
362 362
362 382
363 363
363 382
364 364
364 382
365 365
365 383
366 366
366 383
367 367
367 383
368 368
368 383
369 369
369 384
370 370
370 384
371 371
371 384
372 372
372 385
372 388
372 404
372 408
372 413
373 373
373 386
373 389
373 392
373 409
373 418
374 374
374 390
374 393
374 410
374 421
375 375
375 398
375 402
375 425
376 376
376 387
376 394
376 399
376 400
376 405
376 411
376 415
376 422
377 377
377 403
378 378
378 406
378 416
378 423
379 379
379 391
379 395
379 412
380 380
380 396
380 414
381 381
381 397
381 417
381 419
381 426
382 382
382 407
382 420
383 383
383 401
383 424
384 384
384 427
385 385
385 428
386 386
386 428
387 387
387 428
388 388
388 429
389 389
389 429
390 390
390 429
391 391
391 429
392 392
392 430
393 393
393 430
394 394
394 430
395 395
395 430
396 396
396 430
397 397
397 430
398 398
398 431
399 399
399 431
400 400
400 432
401 401
401 432
402 402
402 433
403 403
403 433
404 404
404 434
405 405
405 434
406 406
406 434
407 407
407 434
408 408
408 435
409 409
409 435
410 410
410 435
411 411
411 435
412 412
412 435
413 413
413 436
414 414
414 436
415 415
415 437
416 416
416 437
417 417
417 437
418 418
418 438
419 419
419 438
420 420
420 438
421 421
421 439
422 422
422 439
423 423
423 439
424 424
424 439
425 425
425 440
426 426
426 440
427 427
427 440
428 428
428 441
428 444
428 460
428 464
428 469
429 429
429 442
429 445
429 448
429 465
429 474
430 430
430 446
430 449
430 466
430 477
431 431
431 454
431 458
431 481
432 432
432 443
432 450
432 455
432 456
432 461
432 467
432 471
432 478
433 433
433 459
434 434
434 462
434 472
434 479
435 435
435 447
435 451
435 468
436 436
436 452
436 470
437 437
437 453
437 473
437 475
437 482
438 438
438 463
438 476
439 439
439 457
439 480
440 440
440 483
441 441
441 484
442 442
442 484
443 443
443 484
444 444
444 485
445 445
445 485
446 446
446 485
447 447
447 485
448 448
448 486
449 449
449 486
450 450
450 486
451 451
451 486
452 452
452 486
453 453
453 486
454 454
454 487
455 455
455 487
456 456
456 488
457 457
457 488
458 458
458 489
459 459
459 489
460 460
460 490
461 461
461 490
462 462
462 490
463 463
463 490
464 464
464 491
465 465
465 491
466 466
466 491
467 467
467 491
468 468
468 491
469 469
469 492
470 470
470 492
471 471
471 493
472 472
472 493
473 473
473 493
474 474
474 494
475 475
475 494
476 476
476 494
477 477
477 495
478 478
478 495
479 479
479 495
480 480
480 495
481 481
481 496
482 482
482 496
483 483
483 496
0 1 1
1 1 1
2 1 1
3 1 1
4 1 1
5 1 1
6 1 1
7 1 1
8 1 1
9 1 1
10 1 1
11 1 1
12 1 1
13 1 1
14 1 1
15 1 1
16 1 1
17 1 1
18 1 1
19 1 1
20 1 1
21 1 1
22 1 1
23 1 1
24 1 1
25 1 1
26 1 1
27 1 1
28 1 1
29 1 1
30 1 1
31 1 1
32 1 1
33 1 1
34 1 1
35 1 1
36 1 1
37 1 1
38 1 1
39 1 1
40 1 1
41 1 1
42 1 1
43 1 1
44 2 1
45 2 1
46 2 1
47 2 1
48 2 1
49 2 1
50 2 1
51 2 1
52 1 1
53 1 1
54 1 1
55 1 1
56 1 1
57 1 1
58 1 1
59 1 1
60 2 1
61 2 1
62 2 1
63 2 1
64 2 1
65 2 1
66 2 1
67 2 1
68 2 1
69 2 1
70 2 1
71 2 1
72 2 1
73 2 1
74 2 1
75 2 1
76 2 1
77 2 1
78 2 1
79 2 1
80 2 1
81 2 1
82 2 1
83 2 1
84 2 1
85 2 1
86 2 1
87 2 1
88 2 1
89 2 1
90 2 1
91 2 1
92 2 1
93 3 1
94 4 1
95 2 1
96 2 1
97 1 1
98 3 1
99 4 1
100 1 1
101 3 1
102 1 1
103 4 1
104 2 1
105 2 1
106 2 1
107 2 1
108 2 1
109 2 1
110 2 1
111 2 1
112 2 1
113 2 1
114 2 1
115 2 1
116 2 1
117 2 1
118 2 1
119 2 1
120 2 1
121 2 1
122 2 1
123 2 1
124 2 1
125 2 1
126 2 1
127 2 1
128 2 1
129 2 1
130 2 1
131 2 1
132 2 1
133 2 1
134 2 1
135 2 1
136 2 1
137 2 1
138 2 1
139 2 1
140 2 1
141 2 1
142 2 1
143 2 1
144 2 1
145 2 1
146 2 1
147 2 1
148 3 1
149 4 1
150 6 1
151 2 1
152 2 1
153 2 1
154 4 1
155 5 1
156 2 1
157 3 1
158 3 1
159 4 1
160 3 1
161 2 1
162 2 1
163 2 1
164 2 1
165 2 1
166 2 1
167 2 1
168 2 1
169 2 1
170 2 1
171 2 1
172 2 1
173 2 1
174 2 1
175 2 1
176 2 1
177 2 1
178 2 1
179 2 1
180 2 1
181 2 1
182 2 1
183 2 1
184 2 1
185 2 1
186 2 1
187 2 1
188 2 1
189 2 1
190 2 1
191 2 1
192 2 1
193 2 1
194 2 1
195 2 1
196 2 1
197 2 1
198 2 1
199 2 1
200 2 1
201 2 1
202 2 1
203 2 1
204 3 1
205 4 1
206 6 1
207 2 1
208 2 1
209 2 1
210 4 1
211 5 1
212 2 1
213 3 1
214 3 1
215 4 1
216 3 1
217 2 1
218 2 1
219 2 1
220 2 1
221 2 1
222 2 1
223 2 1
224 2 1
225 2 1
226 2 1
227 2 1
228 2 1
229 2 1
230 2 1
231 2 1
232 2 1
233 2 1
234 2 1
235 2 1
236 2 1
237 2 1
238 2 1
239 2 1
240 2 1
241 2 1
242 2 1
243 2 1
244 2 1
245 2 1
246 2 1
247 2 1
248 2 1
249 2 1
250 2 1
251 2 1
252 2 1
253 2 1
254 2 1
255 2 1
256 2 1
257 2 1
258 2 1
259 2 1
260 3 1
261 4 1
262 6 1
263 2 1
264 2 1
265 2 1
266 4 1
267 5 1
268 2 1
269 3 1
270 3 1
271 4 1
272 3 1
273 2 1
274 2 1
275 2 1
276 2 1
277 2 1
278 2 1
279 2 1
280 2 1
281 2 1
282 2 1
283 2 1
284 2 1
285 2 1
286 2 1
287 2 1
288 2 1
289 2 1
290 2 1
291 2 1
292 2 1
293 2 1
294 2 1
295 2 1
296 2 1
297 2 1
298 2 1
299 2 1
300 2 1
301 2 1
302 2 1
303 2 1
304 2 1
305 2 1
306 2 1
307 2 1
308 2 1
309 2 1
310 2 1
311 2 1
312 2 1
313 2 1
314 2 1
315 2 1
316 3 1
317 4 1
318 6 1
319 2 1
320 2 1
321 2 1
322 4 1
323 5 1
324 2 1
325 3 1
326 3 1
327 4 1
328 3 1
329 2 1
330 2 1
331 2 1
332 2 1
333 2 1
334 2 1
335 2 1
336 2 1
337 2 1
338 2 1
339 2 1
340 2 1
341 2 1
342 2 1
343 2 1
344 2 1
345 2 1
346 2 1
347 2 1
348 2 1
349 2 1
350 2 1
351 2 1
352 2 1
353 2 1
354 2 1
355 2 1
356 2 1
357 2 1
358 2 1
359 2 1
360 2 1
361 2 1
362 2 1
363 2 1
364 2 1
365 2 1
366 2 1
367 2 1
368 2 1
369 2 1
370 2 1
371 2 1
372 3 1
373 4 1
374 6 1
375 2 1
376 2 1
377 2 1
378 4 1
379 5 1
380 2 1
381 3 1
382 3 1
383 4 1
384 3 1
385 2 1
386 2 1
387 2 1
388 2 1
389 2 1
390 2 1
391 2 1
392 2 1
393 2 1
394 2 1
395 2 1
396 2 1
397 2 1
398 2 1
399 2 1
400 2 1
401 2 1
402 2 1
403 2 1
404 2 1
405 2 1
406 2 1
407 2 1
408 2 1
409 2 1
410 2 1
411 2 1
412 2 1
413 2 1
414 2 1
415 2 1
416 2 1
417 2 1
418 2 1
419 2 1
420 2 1
421 2 1
422 2 1
423 2 1
424 2 1
425 2 1
426 2 1
427 2 1
428 3 1
429 4 1
430 6 1
431 2 1
432 2 1
433 2 1
434 4 1
435 5 1
436 2 1
437 3 1
438 3 1
439 4 1
440 3 1
441 2 1
442 2 1
443 2 1
444 2 1
445 2 1
446 2 1
447 2 1
448 2 1
449 2 1
450 2 1
451 2 1
452 2 1
453 2 1
454 2 1
455 2 1
456 2 1
457 2 1
458 2 1
459 2 1
460 2 1
461 2 1
462 2 1
463 2 1
464 2 1
465 2 1
466 2 1
467 2 1
468 2 1
469 2 1
470 2 1
471 2 1
472 2 1
473 2 1
474 2 1
475 2 1
476 2 1
477 2 1
478 2 1
479 2 1
480 2 1
481 2 1
482 2 1
483 2 1
484 3 1
485 4 1
486 6 1
487 2 1
488 2 1
489 2 1
490 4 1
491 5 1
492 2 1
493 3 1
494 3 1
495 4 1
496 3 1
