%HyperDAG model of naive implementation of A^10 *v with sparse matrix A and dense vector v.
%The probability for having a nonzero in any cell of matrix A is 0.15
549 566 1647
0 0
0 62
0 111
0 158
0 205
0 252
0 299
0 346
0 393
0 444
0 503
1 1
1 63
1 112
1 159
1 206
1 253
1 300
1 347
1 394
1 445
1 504
2 2
2 64
3 3
3 65
3 113
3 160
3 207
3 254
3 301
3 348
3 395
3 446
3 505
4 4
4 447
4 506
5 5
5 448
5 507
6 6
6 449
6 508
7 7
7 450
7 509
8 8
8 451
8 510
9 9
9 66
9 114
9 161
9 208
9 255
9 302
9 349
9 396
9 452
9 511
10 10
10 67
10 115
10 162
10 209
10 256
10 303
10 350
10 397
10 453
10 512
11 11
11 68
11 116
11 163
11 210
11 257
11 304
11 351
11 398
11 454
11 513
12 12
12 69
12 117
12 164
12 211
12 258
12 305
12 352
12 399
12 455
12 514
13 13
13 70
13 118
13 165
13 212
13 259
13 306
13 353
13 400
13 456
13 515
14 14
14 71
14 119
14 166
14 213
14 260
14 307
14 354
14 401
14 457
14 516
15 15
15 72
16 16
16 73
16 120
16 167
16 214
16 261
16 308
16 355
16 402
16 458
16 517
17 17
17 74
17 121
17 168
17 215
17 262
17 309
17 356
17 403
17 459
17 518
18 18
18 75
18 122
18 169
18 216
18 263
18 310
18 357
18 404
18 460
18 519
19 19
19 461
19 520
20 20
20 76
20 123
20 170
20 217
20 264
20 311
20 358
20 405
20 462
20 521
21 21
21 77
21 124
21 171
21 218
21 265
21 312
21 359
21 406
21 463
21 522
22 22
22 78
22 125
22 172
22 219
22 266
22 313
22 360
22 407
22 464
22 523
23 23
23 408
23 465
23 524
24 24
24 409
24 466
24 525
25 25
25 410
25 467
25 526
26 26
26 79
26 126
26 173
26 220
26 267
26 314
26 361
26 411
26 468
26 527
27 27
27 80
27 127
27 174
27 221
27 268
27 315
27 362
27 412
27 469
27 528
28 28
28 81
28 128
28 175
28 222
28 269
28 316
28 363
28 413
28 470
28 529
29 29
29 82
29 129
29 176
29 223
29 270
29 317
29 364
29 414
29 471
29 530
30 30
30 83
30 130
30 177
30 224
30 271
30 318
30 365
30 415
30 472
30 531
31 31
31 84
31 131
31 178
31 225
31 272
31 319
31 366
31 416
31 473
31 532
32 32
32 85
32 132
32 179
32 226
32 273
32 320
32 367
32 417
32 474
32 533
33 33
33 86
33 133
33 180
33 227
33 274
33 321
33 368
33 418
33 475
33 534
34 34
34 87
34 134
34 181
34 228
34 275
34 322
34 369
34 419
34 476
34 535
35 35
35 88
35 135
35 182
35 229
35 276
35 323
35 370
35 420
35 477
35 536
36 36
36 89
36 136
36 183
36 230
36 277
36 324
36 371
36 421
36 478
36 537
37 37
37 90
37 137
37 184
37 231
37 278
37 325
37 372
37 422
37 479
37 538
38 38
38 91
38 138
38 185
38 232
38 279
38 326
38 373
38 423
38 480
38 539
39 39
39 92
39 139
39 186
39 233
39 280
39 327
39 374
39 424
39 481
39 540
40 40
40 93
40 140
40 187
40 234
40 281
40 328
40 375
40 425
40 482
40 541
41 41
41 542
42 42
42 543
43 43
43 544
44 44
44 94
44 141
44 188
44 235
44 282
44 329
44 376
44 426
44 483
44 545
45 45
45 95
45 142
45 189
45 236
45 283
45 330
45 377
45 427
45 484
45 546
46 46
46 96
46 143
46 190
46 237
46 284
46 331
46 378
46 428
46 485
46 547
47 47
47 97
47 144
47 191
47 238
47 285
47 332
47 379
47 429
47 486
47 548
48 48
48 62
48 69
48 94
49 49
49 81
49 86
50 50
50 63
50 66
50 79
51 51
51 67
51 70
51 76
52 52
52 77
52 82
52 88
52 97
53 53
53 90
53 95
54 54
54 68
54 71
54 80
54 87
55 55
55 91
56 56
56 89
56 92
57 57
57 64
57 72
58 58
58 65
58 73
58 78
58 83
58 93
59 59
59 74
60 60
60 75
60 84
60 96
61 61
61 85
62 62
62 98
63 63
63 98
64 64
64 98
65 65
65 98
66 66
66 99
67 67
67 100
68 68
68 100
69 69
69 101
70 70
70 101
71 71
71 101
72 72
72 101
73 73
73 101
74 74
74 101
75 75
75 101
76 76
76 102
77 77
77 102
78 78
78 102
79 79
79 103
80 80
80 103
81 81
81 104
82 82
82 104
83 83
83 104
84 84
84 104
85 85
85 105
86 86
86 106
87 87
87 106
88 88
88 107
89 89
89 107
90 90
90 108
91 91
91 108
92 92
92 108
93 93
93 108
94 94
94 109
95 95
95 109
96 96
96 109
97 97
97 110
98 98
98 111
98 117
98 141
99 99
99 128
99 133
100 100
100 112
100 114
100 126
101 101
101 115
101 118
101 123
102 102
102 124
102 129
102 135
102 144
103 103
103 137
103 142
104 104
104 116
104 119
104 127
104 134
105 105
105 138
106 106
106 136
106 139
107 107
107 113
107 120
107 125
107 130
107 140
108 108
108 121
109 109
109 122
109 131
109 143
110 110
110 132
111 111
111 145
112 112
112 145
113 113
113 145
114 114
114 146
115 115
115 147
116 116
116 147
117 117
117 148
118 118
118 148
119 119
119 148
120 120
120 148
121 121
121 148
122 122
122 148
123 123
123 149
124 124
124 149
125 125
125 149
126 126
126 150
127 127
127 150
128 128
128 151
129 129
129 151
130 130
130 151
131 131
131 151
132 132
132 152
133 133
133 153
134 134
134 153
135 135
135 154
136 136
136 154
137 137
137 155
138 138
138 155
139 139
139 155
140 140
140 155
141 141
141 156
142 142
142 156
143 143
143 156
144 144
144 157
145 145
145 158
145 164
145 188
146 146
146 175
146 180
147 147
147 159
147 161
147 173
148 148
148 162
148 165
148 170
149 149
149 171
149 176
149 182
149 191
150 150
150 184
150 189
151 151
151 163
151 166
151 174
151 181
152 152
152 185
153 153
153 183
153 186
154 154
154 160
154 167
154 172
154 177
154 187
155 155
155 168
156 156
156 169
156 178
156 190
157 157
157 179
158 158
158 192
159 159
159 192
160 160
160 192
161 161
161 193
162 162
162 194
163 163
163 194
164 164
164 195
165 165
165 195
166 166
166 195
167 167
167 195
168 168
168 195
169 169
169 195
170 170
170 196
171 171
171 196
172 172
172 196
173 173
173 197
174 174
174 197
175 175
175 198
176 176
176 198
177 177
177 198
178 178
178 198
179 179
179 199
180 180
180 200
181 181
181 200
182 182
182 201
183 183
183 201
184 184
184 202
185 185
185 202
186 186
186 202
187 187
187 202
188 188
188 203
189 189
189 203
190 190
190 203
191 191
191 204
192 192
192 205
192 211
192 235
193 193
193 222
193 227
194 194
194 206
194 208
194 220
195 195
195 209
195 212
195 217
196 196
196 218
196 223
196 229
196 238
197 197
197 231
197 236
198 198
198 210
198 213
198 221
198 228
199 199
199 232
200 200
200 230
200 233
201 201
201 207
201 214
201 219
201 224
201 234
202 202
202 215
203 203
203 216
203 225
203 237
204 204
204 226
205 205
205 239
206 206
206 239
207 207
207 239
208 208
208 240
209 209
209 241
210 210
210 241
211 211
211 242
212 212
212 242
213 213
213 242
214 214
214 242
215 215
215 242
216 216
216 242
217 217
217 243
218 218
218 243
219 219
219 243
220 220
220 244
221 221
221 244
222 222
222 245
223 223
223 245
224 224
224 245
225 225
225 245
226 226
226 246
227 227
227 247
228 228
228 247
229 229
229 248
230 230
230 248
231 231
231 249
232 232
232 249
233 233
233 249
234 234
234 249
235 235
235 250
236 236
236 250
237 237
237 250
238 238
238 251
239 239
239 252
239 258
239 282
240 240
240 269
240 274
241 241
241 253
241 255
241 267
242 242
242 256
242 259
242 264
243 243
243 265
243 270
243 276
243 285
244 244
244 278
244 283
245 245
245 257
245 260
245 268
245 275
246 246
246 279
247 247
247 277
247 280
248 248
248 254
248 261
248 266
248 271
248 281
249 249
249 262
250 250
250 263
250 272
250 284
251 251
251 273
252 252
252 286
253 253
253 286
254 254
254 286
255 255
255 287
256 256
256 288
257 257
257 288
258 258
258 289
259 259
259 289
260 260
260 289
261 261
261 289
262 262
262 289
263 263
263 289
264 264
264 290
265 265
265 290
266 266
266 290
267 267
267 291
268 268
268 291
269 269
269 292
270 270
270 292
271 271
271 292
272 272
272 292
273 273
273 293
274 274
274 294
275 275
275 294
276 276
276 295
277 277
277 295
278 278
278 296
279 279
279 296
280 280
280 296
281 281
281 296
282 282
282 297
283 283
283 297
284 284
284 297
285 285
285 298
286 286
286 299
286 305
286 329
287 287
287 316
287 321
288 288
288 300
288 302
288 314
289 289
289 303
289 306
289 311
290 290
290 312
290 317
290 323
290 332
291 291
291 325
291 330
292 292
292 304
292 307
292 315
292 322
293 293
293 326
294 294
294 324
294 327
295 295
295 301
295 308
295 313
295 318
295 328
296 296
296 309
297 297
297 310
297 319
297 331
298 298
298 320
299 299
299 333
300 300
300 333
301 301
301 333
302 302
302 334
303 303
303 335
304 304
304 335
305 305
305 336
306 306
306 336
307 307
307 336
308 308
308 336
309 309
309 336
310 310
310 336
311 311
311 337
312 312
312 337
313 313
313 337
314 314
314 338
315 315
315 338
316 316
316 339
317 317
317 339
318 318
318 339
319 319
319 339
320 320
320 340
321 321
321 341
322 322
322 341
323 323
323 342
324 324
324 342
325 325
325 343
326 326
326 343
327 327
327 343
328 328
328 343
329 329
329 344
330 330
330 344
331 331
331 344
332 332
332 345
333 333
333 346
333 352
333 376
334 334
334 363
334 368
335 335
335 347
335 349
335 361
336 336
336 350
336 353
336 358
337 337
337 359
337 364
337 370
337 379
338 338
338 372
338 377
339 339
339 351
339 354
339 362
339 369
340 340
340 373
341 341
341 371
341 374
342 342
342 348
342 355
342 360
342 365
342 375
343 343
343 356
344 344
344 357
344 366
344 378
345 345
345 367
346 346
346 380
347 347
347 380
348 348
348 380
349 349
349 381
350 350
350 382
351 351
351 382
352 352
352 383
353 353
353 383
354 354
354 383
355 355
355 383
356 356
356 383
357 357
357 383
358 358
358 384
359 359
359 384
360 360
360 384
361 361
361 385
362 362
362 385
363 363
363 386
364 364
364 386
365 365
365 386
366 366
366 386
367 367
367 387
368 368
368 388
369 369
369 388
370 370
370 389
371 371
371 389
372 372
372 390
373 373
373 390
374 374
374 390
375 375
375 390
376 376
376 391
377 377
377 391
378 378
378 391
379 379
379 392
380 380
380 393
380 399
380 426
381 381
381 413
381 418
382 382
382 394
382 396
382 408
382 411
383 383
383 397
383 400
383 405
384 384
384 406
384 414
384 420
384 429
385 385
385 409
385 422
385 427
386 386
386 398
386 401
386 412
386 419
387 387
387 410
387 423
388 388
388 421
388 424
389 389
389 395
389 402
389 407
389 415
389 425
390 390
390 403
391 391
391 404
391 416
391 428
392 392
392 417
393 393
393 430
394 394
394 430
395 395
395 430
396 396
396 431
397 397
397 432
398 398
398 432
399 399
399 433
400 400
400 433
401 401
401 433
402 402
402 433
403 403
403 433
404 404
404 433
405 405
405 434
406 406
406 434
407 407
407 434
408 408
408 435
409 409
409 435
410 410
410 435
411 411
411 436
412 412
412 436
413 413
413 437
414 414
414 437
415 415
415 437
416 416
416 437
417 417
417 438
418 418
418 439
419 419
419 439
420 420
420 440
421 421
421 440
422 422
422 441
423 423
423 441
424 424
424 441
425 425
425 441
426 426
426 442
427 427
427 442
428 428
428 442
429 429
429 443
430 430
430 444
430 447
430 455
430 483
431 431
431 470
431 475
432 432
432 445
432 452
432 465
432 468
433 433
433 453
433 456
433 462
434 434
434 461
434 463
434 471
434 477
434 486
435 435
435 448
436 436
436 466
436 479
436 484
437 437
437 449
437 454
437 457
437 469
437 476
438 438
438 467
438 480
439 439
439 478
439 481
440 440
440 446
440 450
440 458
440 464
440 472
440 482
441 441
441 451
441 459
442 442
442 460
442 473
442 485
443 443
443 474
444 444
444 487
445 445
445 487
446 446
446 487
447 447
447 488
448 448
448 488
449 449
449 488
450 450
450 488
451 451
451 488
452 452
452 489
453 453
453 490
454 454
454 490
455 455
455 491
456 456
456 491
457 457
457 491
458 458
458 491
459 459
459 491
460 460
460 491
461 461
461 492
462 462
462 493
463 463
463 493
464 464
464 493
465 465
465 494
466 466
466 494
467 467
467 494
468 468
468 495
469 469
469 495
470 470
470 496
471 471
471 496
472 472
472 496
473 473
473 496
474 474
474 497
475 475
475 498
476 476
476 498
477 477
477 499
478 478
478 499
479 479
479 500
480 480
480 500
481 481
481 500
482 482
482 500
483 483
483 501
484 484
484 501
485 485
485 501
486 486
486 502
487 487
487 503
487 506
487 514
487 545
488 488
488 542
489 489
489 529
489 534
490 490
490 504
490 511
490 524
490 527
491 491
491 512
491 515
491 521
492 492
492 543
493 493
493 520
493 522
493 530
493 536
493 548
494 494
494 507
495 495
495 525
495 538
495 546
496 496
496 508
496 513
496 516
496 528
496 535
497 497
497 526
497 539
498 498
498 537
498 540
499 499
499 505
499 509
499 517
499 523
499 531
499 541
500 500
500 510
500 518
501 501
501 519
501 532
501 547
502 502
502 533
502 544
503 503
503 549
504 504
504 549
505 505
505 549
506 506
506 550
507 507
507 550
508 508
508 550
509 509
509 550
510 510
510 550
511 511
511 551
512 512
512 552
513 513
513 552
514 514
514 553
515 515
515 553
516 516
516 553
517 517
517 553
518 518
518 553
519 519
519 553
520 520
520 554
521 521
521 555
522 522
522 555
523 523
523 555
524 524
524 556
525 525
525 556
526 526
526 556
527 527
527 557
528 528
528 557
529 529
529 558
530 530
530 558
531 531
531 558
532 532
532 558
533 533
533 559
534 534
534 560
535 535
535 560
536 536
536 561
537 537
537 561
538 538
538 562
539 539
539 562
540 540
540 562
541 541
541 562
542 542
542 563
543 543
543 563
544 544
544 563
545 545
545 564
546 546
546 564
547 547
547 564
548 548
548 565
0 1 1
1 1 1
2 1 1
3 1 1
4 1 1
5 1 1
6 1 1
7 1 1
8 1 1
9 1 1
10 1 1
11 1 1
12 1 1
13 1 1
14 1 1
15 1 1
16 1 1
17 1 1
18 1 1
19 1 1
20 1 1
21 1 1
22 1 1
23 1 1
24 1 1
25 1 1
26 1 1
27 1 1
28 1 1
29 1 1
30 1 1
31 1 1
32 1 1
33 1 1
34 1 1
35 1 1
36 1 1
37 1 1
38 1 1
39 1 1
40 1 1
41 1 1
42 1 1
43 1 1
44 1 1
45 1 1
46 1 1
47 1 1
48 1 1
49 1 1
50 1 1
51 1 1
52 1 1
53 1 1
54 1 1
55 1 1
56 1 1
57 1 1
58 1 1
59 1 1
60 1 1
61 1 1
62 2 1
63 2 1
64 2 1
65 2 1
66 2 1
67 2 1
68 2 1
69 2 1
70 2 1
71 2 1
72 2 1
73 2 1
74 2 1
75 2 1
76 2 1
77 2 1
78 2 1
79 2 1
80 2 1
81 2 1
82 2 1
83 2 1
84 2 1
85 2 1
86 2 1
87 2 1
88 2 1
89 2 1
90 2 1
91 2 1
92 2 1
93 2 1
94 2 1
95 2 1
96 2 1
97 2 1
98 4 1
99 1 1
100 2 1
101 7 1
102 3 1
103 2 1
104 4 1
105 1 1
106 2 1
107 2 1
108 4 1
109 3 1
110 1 1
111 2 1
112 2 1
113 2 1
114 2 1
115 2 1
116 2 1
117 2 1
118 2 1
119 2 1
120 2 1
121 2 1
122 2 1
123 2 1
124 2 1
125 2 1
126 2 1
127 2 1
128 2 1
129 2 1
130 2 1
131 2 1
132 2 1
133 2 1
134 2 1
135 2 1
136 2 1
137 2 1
138 2 1
139 2 1
140 2 1
141 2 1
142 2 1
143 2 1
144 2 1
145 3 1
146 1 1
147 2 1
148 6 1
149 3 1
150 2 1
151 4 1
152 1 1
153 2 1
154 2 1
155 4 1
156 3 1
157 1 1
158 2 1
159 2 1
160 2 1
161 2 1
162 2 1
163 2 1
164 2 1
165 2 1
166 2 1
167 2 1
168 2 1
169 2 1
170 2 1
171 2 1
172 2 1
173 2 1
174 2 1
175 2 1
176 2 1
177 2 1
178 2 1
179 2 1
180 2 1
181 2 1
182 2 1
183 2 1
184 2 1
185 2 1
186 2 1
187 2 1
188 2 1
189 2 1
190 2 1
191 2 1
192 3 1
193 1 1
194 2 1
195 6 1
196 3 1
197 2 1
198 4 1
199 1 1
200 2 1
201 2 1
202 4 1
203 3 1
204 1 1
205 2 1
206 2 1
207 2 1
208 2 1
209 2 1
210 2 1
211 2 1
212 2 1
213 2 1
214 2 1
215 2 1
216 2 1
217 2 1
218 2 1
219 2 1
220 2 1
221 2 1
222 2 1
223 2 1
224 2 1
225 2 1
226 2 1
227 2 1
228 2 1
229 2 1
230 2 1
231 2 1
232 2 1
233 2 1
234 2 1
235 2 1
236 2 1
237 2 1
238 2 1
239 3 1
240 1 1
241 2 1
242 6 1
243 3 1
244 2 1
245 4 1
246 1 1
247 2 1
248 2 1
249 4 1
250 3 1
251 1 1
252 2 1
253 2 1
254 2 1
255 2 1
256 2 1
257 2 1
258 2 1
259 2 1
260 2 1
261 2 1
262 2 1
263 2 1
264 2 1
265 2 1
266 2 1
267 2 1
268 2 1
269 2 1
270 2 1
271 2 1
272 2 1
273 2 1
274 2 1
275 2 1
276 2 1
277 2 1
278 2 1
279 2 1
280 2 1
281 2 1
282 2 1
283 2 1
284 2 1
285 2 1
286 3 1
287 1 1
288 2 1
289 6 1
290 3 1
291 2 1
292 4 1
293 1 1
294 2 1
295 2 1
296 4 1
297 3 1
298 1 1
299 2 1
300 2 1
301 2 1
302 2 1
303 2 1
304 2 1
305 2 1
306 2 1
307 2 1
308 2 1
309 2 1
310 2 1
311 2 1
312 2 1
313 2 1
314 2 1
315 2 1
316 2 1
317 2 1
318 2 1
319 2 1
320 2 1
321 2 1
322 2 1
323 2 1
324 2 1
325 2 1
326 2 1
327 2 1
328 2 1
329 2 1
330 2 1
331 2 1
332 2 1
333 3 1
334 1 1
335 2 1
336 6 1
337 3 1
338 2 1
339 4 1
340 1 1
341 2 1
342 2 1
343 4 1
344 3 1
345 1 1
346 2 1
347 2 1
348 2 1
349 2 1
350 2 1
351 2 1
352 2 1
353 2 1
354 2 1
355 2 1
356 2 1
357 2 1
358 2 1
359 2 1
360 2 1
361 2 1
362 2 1
363 2 1
364 2 1
365 2 1
366 2 1
367 2 1
368 2 1
369 2 1
370 2 1
371 2 1
372 2 1
373 2 1
374 2 1
375 2 1
376 2 1
377 2 1
378 2 1
379 2 1
380 3 1
381 1 1
382 2 1
383 6 1
384 3 1
385 2 1
386 4 1
387 1 1
388 2 1
389 2 1
390 4 1
391 3 1
392 1 1
393 2 1
394 2 1
395 2 1
396 2 1
397 2 1
398 2 1
399 2 1
400 2 1
401 2 1
402 2 1
403 2 1
404 2 1
405 2 1
406 2 1
407 2 1
408 2 1
409 2 1
410 2 1
411 2 1
412 2 1
413 2 1
414 2 1
415 2 1
416 2 1
417 2 1
418 2 1
419 2 1
420 2 1
421 2 1
422 2 1
423 2 1
424 2 1
425 2 1
426 2 1
427 2 1
428 2 1
429 2 1
430 3 1
431 1 1
432 2 1
433 6 1
434 3 1
435 3 1
436 2 1
437 4 1
438 1 1
439 2 1
440 2 1
441 4 1
442 3 1
443 1 1
444 2 1
445 2 1
446 2 1
447 2 1
448 2 1
449 2 1
450 2 1
451 2 1
452 2 1
453 2 1
454 2 1
455 2 1
456 2 1
457 2 1
458 2 1
459 2 1
460 2 1
461 2 1
462 2 1
463 2 1
464 2 1
465 2 1
466 2 1
467 2 1
468 2 1
469 2 1
470 2 1
471 2 1
472 2 1
473 2 1
474 2 1
475 2 1
476 2 1
477 2 1
478 2 1
479 2 1
480 2 1
481 2 1
482 2 1
483 2 1
484 2 1
485 2 1
486 2 1
487 3 1
488 5 1
489 1 1
490 2 1
491 6 1
492 1 1
493 3 1
494 3 1
495 2 1
496 4 1
497 1 1
498 2 1
499 2 1
500 4 1
501 3 1
502 1 1
503 2 1
504 2 1
505 2 1
506 2 1
507 2 1
508 2 1
509 2 1
510 2 1
511 2 1
512 2 1
513 2 1
514 2 1
515 2 1
516 2 1
517 2 1
518 2 1
519 2 1
520 2 1
521 2 1
522 2 1
523 2 1
524 2 1
525 2 1
526 2 1
527 2 1
528 2 1
529 2 1
530 2 1
531 2 1
532 2 1
533 2 1
534 2 1
535 2 1
536 2 1
537 2 1
538 2 1
539 2 1
540 2 1
541 2 1
542 2 1
543 2 1
544 2 1
545 2 1
546 2 1
547 2 1
548 2 1
549 3 1
550 5 1
551 1 1
552 2 1
553 6 1
554 1 1
555 3 1
556 3 1
557 2 1
558 4 1
559 1 1
560 2 1
561 2 1
562 4 1
563 3 1
564 3 1
565 1 1
