%HyperDAG model of naive implementation of 2 iterations of the conjugate gradient method.
%The probability for having a nonzero in any cell of matrix A is 0.60
260 274 767
0 0
0 37
0 103
0 200
1 1
1 38
1 104
1 201
2 2
2 39
2 105
2 202
3 3
3 40
3 106
3 203
4 4
4 41
4 107
4 204
5 5
5 42
5 108
5 205
6 6
6 43
6 109
6 206
7 7
7 44
7 110
7 207
8 8
8 45
8 111
8 208
9 9
9 46
9 112
9 209
10 10
10 47
10 113
10 210
11 11
11 48
11 114
11 211
12 12
12 49
12 115
12 212
13 13
13 50
13 116
13 213
14 14
14 51
14 117
14 214
15 15
15 52
15 118
15 215
16 16
16 53
16 119
16 216
17 17
17 54
17 120
17 217
18 18
18 55
18 121
18 218
19 19
19 56
19 122
19 219
20 20
20 57
20 123
20 220
21 21
21 58
21 124
21 221
22 22
22 59
22 125
22 222
23 23
23 60
23 126
23 223
24 24
24 61
24 127
24 224
25 25
25 62
25 128
25 225
26 26
26 63
26 129
26 226
27 27
27 64
27 130
27 227
28 28
28 65
28 131
28 228
29 29
29 66
29 132
29 229
30 30
30 37
30 54
30 156
31 31
31 38
31 43
31 47
31 64
31 157
32 32
32 48
32 55
32 60
32 158
33 33
33 39
33 44
33 51
33 56
33 61
33 159
34 34
34 40
34 49
34 52
34 57
34 62
34 65
34 160
35 35
35 41
35 45
35 50
35 58
35 161
36 36
36 42
36 46
36 53
36 59
36 63
36 66
36 162
37 37
37 67
38 38
38 67
39 39
39 67
40 40
40 67
41 41
41 67
42 42
42 67
43 43
43 68
44 44
44 68
45 45
45 68
46 46
46 68
47 47
47 69
48 48
48 69
49 49
49 69
50 50
50 69
51 51
51 70
52 52
52 70
53 53
53 70
54 54
54 71
55 55
55 71
56 56
56 71
57 57
57 71
58 58
58 71
59 59
59 71
60 60
60 72
61 61
61 72
62 62
62 72
63 63
63 72
64 64
64 73
65 65
65 73
66 66
66 73
67 67
67 81
68 68
68 82
69 69
69 83
70 70
70 84
71 71
71 85
72 72
72 86
73 73
73 87
74 74
74 81
75 75
75 82
76 76
76 83
77 77
77 84
78 78
78 85
79 79
79 86
80 80
80 87
81 81
81 88
81 95
81 170
82 82
82 89
82 96
82 171
83 83
83 90
83 97
83 172
84 84
84 91
84 98
84 173
85 85
85 92
85 99
85 174
86 86
86 93
86 100
86 175
87 87
87 94
87 101
87 176
88 88
88 103
88 120
88 140
88 149
88 186
89 89
89 104
89 109
89 113
89 130
89 141
89 150
89 187
90 90
90 114
90 121
90 126
90 142
90 151
90 188
91 91
91 105
91 110
91 117
91 122
91 127
91 143
91 152
91 189
92 92
92 106
92 115
92 118
92 123
92 128
92 131
92 144
92 153
92 190
93 93
93 107
93 111
93 116
93 124
93 145
93 154
93 191
94 94
94 108
94 112
94 119
94 125
94 129
94 132
94 146
94 155
94 192
95 95
95 102
96 96
96 102
97 97
97 102
98 98
98 102
99 99
99 102
100 100
100 102
101 101
101 102
102 102
102 148
102 185
103 103
103 133
104 104
104 133
105 105
105 133
106 106
106 133
107 107
107 133
108 108
108 133
109 109
109 134
110 110
110 134
111 111
111 134
112 112
112 134
113 113
113 135
114 114
114 135
115 115
115 135
116 116
116 135
117 117
117 136
118 118
118 136
119 119
119 136
120 120
120 137
121 121
121 137
122 122
122 137
123 123
123 137
124 124
124 137
125 125
125 137
126 126
126 138
127 127
127 138
128 128
128 138
129 129
129 138
130 130
130 139
131 131
131 139
132 132
132 139
133 133
133 140
133 163
134 134
134 141
134 164
135 135
135 142
135 165
136 136
136 143
136 166
137 137
137 144
137 167
138 138
138 145
138 168
139 139
139 146
139 169
140 140
140 147
141 141
141 147
142 142
142 147
143 143
143 147
144 144
144 147
145 145
145 147
146 146
146 147
147 147
147 148
148 148
148 149
148 150
148 151
148 152
148 153
148 154
148 155
148 163
148 164
148 165
148 166
148 167
148 168
148 169
149 149
149 156
150 150
150 157
151 151
151 158
152 152
152 159
153 153
153 160
154 154
154 161
155 155
155 162
156 156
156 253
157 157
157 254
158 158
158 255
159 159
159 256
160 160
160 257
161 161
161 258
162 162
162 259
163 163
163 170
164 164
164 171
165 165
165 172
166 166
166 173
167 167
167 174
168 168
168 175
169 169
169 176
170 170
170 177
170 193
170 267
171 171
171 178
171 194
171 268
172 172
172 179
172 195
172 269
173 173
173 180
173 196
173 270
174 174
174 181
174 197
174 271
175 175
175 182
175 198
175 272
176 176
176 183
176 199
176 273
177 177
177 184
178 178
178 184
179 179
179 184
180 180
180 184
181 181
181 184
182 182
182 184
183 183
183 184
184 184
184 185
184 245
185 185
185 186
185 187
185 188
185 189
185 190
185 191
185 192
186 186
186 193
187 187
187 194
188 188
188 195
189 189
189 196
190 190
190 197
191 191
191 198
192 192
192 199
193 193
193 200
193 217
193 237
193 246
194 194
194 201
194 206
194 210
194 227
194 238
194 247
195 195
195 211
195 218
195 223
195 239
195 248
196 196
196 202
196 207
196 214
196 219
196 224
196 240
196 249
197 197
197 203
197 212
197 215
197 220
197 225
197 228
197 241
197 250
198 198
198 204
198 208
198 213
198 221
198 242
198 251
199 199
199 205
199 209
199 216
199 222
199 226
199 229
199 243
199 252
200 200
200 230
201 201
201 230
202 202
202 230
203 203
203 230
204 204
204 230
205 205
205 230
206 206
206 231
207 207
207 231
208 208
208 231
209 209
209 231
210 210
210 232
211 211
211 232
212 212
212 232
213 213
213 232
214 214
214 233
215 215
215 233
216 216
216 233
217 217
217 234
218 218
218 234
219 219
219 234
220 220
220 234
221 221
221 234
222 222
222 234
223 223
223 235
224 224
224 235
225 225
225 235
226 226
226 235
227 227
227 236
228 228
228 236
229 229
229 236
230 230
230 237
230 260
231 231
231 238
231 261
232 232
232 239
232 262
233 233
233 240
233 263
234 234
234 241
234 264
235 235
235 242
235 265
236 236
236 243
236 266
237 237
237 244
238 238
238 244
239 239
239 244
240 240
240 244
241 241
241 244
242 242
242 244
243 243
243 244
244 244
244 245
245 245
245 246
245 247
245 248
245 249
245 250
245 251
245 252
245 260
245 261
245 262
245 263
245 264
245 265
245 266
246 246
246 253
247 247
247 254
248 248
248 255
249 249
249 256
250 250
250 257
251 251
251 258
252 252
252 259
253 260
253 267
254 261
254 268
255 262
255 269
256 263
256 270
257 264
257 271
258 265
258 272
259 266
259 273
0 1 1
1 1 1
2 1 1
3 1 1
4 1 1
5 1 1
6 1 1
7 1 1
8 1 1
9 1 1
10 1 1
11 1 1
12 1 1
13 1 1
14 1 1
15 1 1
16 1 1
17 1 1
18 1 1
19 1 1
20 1 1
21 1 1
22 1 1
23 1 1
24 1 1
25 1 1
26 1 1
27 1 1
28 1 1
29 1 1
30 1 1
31 1 1
32 1 1
33 1 1
34 1 1
35 1 1
36 1 1
37 2 1
38 2 1
39 2 1
40 2 1
41 2 1
42 2 1
43 2 1
44 2 1
45 2 1
46 2 1
47 2 1
48 2 1
49 2 1
50 2 1
51 2 1
52 2 1
53 2 1
54 2 1
55 2 1
56 2 1
57 2 1
58 2 1
59 2 1
60 2 1
61 2 1
62 2 1
63 2 1
64 2 1
65 2 1
66 2 1
67 6 1
68 4 1
69 4 1
70 3 1
71 6 1
72 4 1
73 3 1
74 1 1
75 1 1
76 1 1
77 1 1
78 1 1
79 1 1
80 1 1
81 2 1
82 2 1
83 2 1
84 2 1
85 2 1
86 2 1
87 2 1
88 1 1
89 1 1
90 1 1
91 1 1
92 1 1
93 1 1
94 1 1
95 1 1
96 1 1
97 1 1
98 1 1
99 1 1
100 1 1
101 1 1
102 7 1
103 2 1
104 2 1
105 2 1
106 2 1
107 2 1
108 2 1
109 2 1
110 2 1
111 2 1
112 2 1
113 2 1
114 2 1
115 2 1
116 2 1
117 2 1
118 2 1
119 2 1
120 2 1
121 2 1
122 2 1
123 2 1
124 2 1
125 2 1
126 2 1
127 2 1
128 2 1
129 2 1
130 2 1
131 2 1
132 2 1
133 6 1
134 4 1
135 4 1
136 3 1
137 6 1
138 4 1
139 3 1
140 2 1
141 2 1
142 2 1
143 2 1
144 2 1
145 2 1
146 2 1
147 7 1
148 2 1
149 2 1
150 2 1
151 2 1
152 2 1
153 2 1
154 2 1
155 2 1
156 2 1
157 2 1
158 2 1
159 2 1
160 2 1
161 2 1
162 2 1
163 2 1
164 2 1
165 2 1
166 2 1
167 2 1
168 2 1
169 2 1
170 2 1
171 2 1
172 2 1
173 2 1
174 2 1
175 2 1
176 2 1
177 1 1
178 1 1
179 1 1
180 1 1
181 1 1
182 1 1
183 1 1
184 7 1
185 2 1
186 2 1
187 2 1
188 2 1
189 2 1
190 2 1
191 2 1
192 2 1
193 2 1
194 2 1
195 2 1
196 2 1
197 2 1
198 2 1
199 2 1
200 2 1
201 2 1
202 2 1
203 2 1
204 2 1
205 2 1
206 2 1
207 2 1
208 2 1
209 2 1
210 2 1
211 2 1
212 2 1
213 2 1
214 2 1
215 2 1
216 2 1
217 2 1
218 2 1
219 2 1
220 2 1
221 2 1
222 2 1
223 2 1
224 2 1
225 2 1
226 2 1
227 2 1
228 2 1
229 2 1
230 6 1
231 4 1
232 4 1
233 3 1
234 6 1
235 4 1
236 3 1
237 2 1
238 2 1
239 2 1
240 2 1
241 2 1
242 2 1
243 2 1
244 7 1
245 2 1
246 2 1
247 2 1
248 2 1
249 2 1
250 2 1
251 2 1
252 2 1
253 2 1
254 2 1
255 2 1
256 2 1
257 2 1
258 2 1
259 2 1
260 2 1
261 2 1
262 2 1
263 2 1
264 2 1
265 2 1
266 2 1
267 2 1
268 2 1
269 2 1
270 2 1
271 2 1
272 2 1
273 2 1
