%HyperDAG model of naive implementation of 5 iterations of kNN, starting from node number 16 (i.e. sparse vector with 1 entry).
%The probability for having a nonzero in any cell of matrix A is 0.20, and the main diagonal is set to 1.
403 423 1174
0 0
0 132
0 212
0 316
1 1
1 133
1 213
1 317
2 2
2 134
2 214
2 318
3 3
3 215
3 319
4 4
4 98
4 135
4 216
4 320
5 5
5 217
5 321
6 6
6 218
6 322
7 7
7 136
7 219
7 323
8 8
8 137
8 220
8 324
9 9
9 138
9 221
9 325
10 10
10 139
10 222
10 326
11 11
11 99
11 140
11 223
11 327
12 12
12 224
12 328
13 13
13 141
13 225
13 329
14 14
14 226
14 330
15 15
15 142
15 227
15 331
16 16
16 100
16 143
16 228
16 332
17 17
17 144
17 229
17 333
18 18
18 145
18 230
18 334
19 19
19 88
19 101
19 146
19 231
19 335
20 20
20 147
20 232
20 336
21 21
21 148
21 233
21 337
22 22
22 102
22 149
22 234
22 338
23 23
23 150
23 235
23 339
24 24
24 103
24 151
24 236
24 340
25 25
25 237
25 341
26 26
26 104
26 152
26 238
26 342
27 27
27 153
27 239
27 343
28 28
28 240
28 344
29 29
29 154
29 241
29 345
30 30
30 155
30 242
30 346
31 31
31 243
31 347
32 32
32 105
32 156
32 244
32 348
33 33
33 157
33 245
33 349
34 34
34 89
34 106
34 158
34 246
34 350
35 35
35 159
35 247
35 351
36 36
36 107
36 160
36 248
36 352
37 37
37 249
37 353
38 38
38 161
38 250
38 354
39 39
39 162
39 251
39 355
40 40
40 163
40 252
40 356
41 41
41 164
41 253
41 357
42 42
42 108
42 165
42 254
42 358
43 43
43 359
44 44
44 109
44 166
44 255
44 360
45 45
45 167
45 256
45 361
46 46
46 257
46 362
47 47
47 168
47 258
47 363
48 48
48 169
48 259
48 364
49 49
49 170
49 260
49 365
50 50
50 261
50 366
51 51
51 171
51 262
51 367
52 52
52 110
52 172
52 263
52 368
53 53
53 264
53 369
54 54
54 90
54 111
54 173
54 265
54 370
55 55
55 174
55 266
55 371
56 56
56 175
56 267
56 372
57 57
57 268
57 373
58 58
58 176
58 269
58 374
59 59
59 112
59 177
59 270
59 375
60 60
60 178
60 271
60 376
61 61
61 113
61 179
61 272
61 377
62 62
62 273
62 378
63 63
63 91
63 114
63 180
63 274
63 379
64 64
64 380
65 65
65 275
65 381
66 66
66 276
66 382
67 67
67 181
67 277
67 383
68 68
68 278
68 384
69 69
69 182
69 279
69 385
70 70
70 280
70 386
71 71
71 115
71 183
71 281
71 387
72 72
72 282
72 388
73 73
73 184
73 283
73 389
74 74
74 185
74 284
74 390
75 75
75 186
75 285
75 391
76 76
76 92
76 116
76 187
76 286
76 392
77 77
77 287
77 393
78 78
78 394
79 79
79 288
79 395
80 80
80 188
80 289
80 396
81 81
81 189
81 290
81 397
82 82
82 291
82 398
83 83
83 117
83 190
83 292
83 399
84 84
84 191
84 293
84 400
85 85
85 192
85 294
85 401
86 86
86 295
86 402
87 87
87 88
87 89
87 90
87 91
87 92
88 88
88 93
89 89
89 94
90 90
90 95
91 91
91 96
92 92
92 97
93 93
93 100
93 107
93 109
93 115
94 94
94 102
94 105
94 117
95 95
95 103
95 110
96 96
96 98
96 99
96 104
96 108
96 112
96 113
97 97
97 101
97 106
97 111
97 114
97 116
98 98
98 118
99 99
99 119
100 100
100 120
101 101
101 120
102 102
102 121
103 103
103 121
104 104
104 121
105 105
105 122
106 106
106 122
107 107
107 123
108 108
108 124
109 109
109 125
110 110
110 126
111 111
111 126
112 112
112 127
113 113
113 128
114 114
114 128
115 115
115 129
116 116
116 130
117 117
117 131
118 118
118 132
118 147
118 155
118 185
119 119
119 133
119 136
119 141
119 142
119 153
119 159
119 163
119 188
120 120
120 143
120 160
120 166
120 183
121 121
121 134
121 148
121 167
121 189
122 122
122 149
122 156
122 190
123 123
123 137
123 144
123 161
123 168
123 171
123 175
124 124
124 157
124 164
124 186
124 192
125 125
125 138
125 150
125 169
125 181
126 126
126 151
126 172
127 127
127 139
127 145
127 176
128 128
128 135
128 140
128 152
128 165
128 177
128 179
129 129
129 162
129 170
129 182
129 184
130 130
130 146
130 158
130 173
130 180
130 187
131 131
131 154
131 174
131 178
131 191
132 132
132 193
133 133
133 193
134 134
134 193
135 135
135 193
136 136
136 194
137 137
137 194
138 138
138 194
139 139
139 194
140 140
140 194
141 141
141 195
142 142
142 196
143 143
143 196
144 144
144 196
145 145
145 196
146 146
146 196
147 147
147 197
148 148
148 197
149 149
149 197
150 150
150 197
151 151
151 197
152 152
152 197
153 153
153 198
154 154
154 198
155 155
155 199
156 156
156 199
157 157
157 199
158 158
158 199
159 159
159 200
160 160
160 200
161 161
161 200
162 162
162 200
163 163
163 201
164 164
164 201
165 165
165 201
166 166
166 202
167 167
167 202
168 168
168 202
169 169
169 202
170 170
170 202
171 171
171 203
172 172
172 203
173 173
173 203
174 174
174 203
175 175
175 204
176 176
176 205
177 177
177 205
178 178
178 205
179 179
179 206
180 180
180 206
181 181
181 207
182 182
182 207
183 183
183 208
184 184
184 208
185 185
185 209
186 186
186 209
187 187
187 209
188 188
188 210
189 189
189 210
190 190
190 210
191 191
191 210
192 192
192 211
193 193
193 212
193 232
193 242
193 284
194 194
194 213
194 219
194 225
194 227
194 239
194 247
194 252
194 289
195 195
195 226
195 280
195 287
196 196
196 228
196 248
196 255
196 281
197 197
197 214
197 233
197 256
197 290
198 198
198 240
198 243
198 249
198 257
198 276
198 291
199 199
199 234
199 244
199 292
200 200
200 220
200 229
200 250
200 258
200 262
200 267
201 201
201 245
201 253
201 285
201 294
202 202
202 221
202 235
202 259
202 277
203 203
203 236
203 263
204 204
204 215
204 237
204 264
204 268
204 282
205 205
205 222
205 230
205 269
206 206
206 216
206 223
206 238
206 254
206 270
206 272
207 207
207 217
207 224
207 273
207 278
208 208
208 251
208 260
208 279
208 283
209 209
209 231
209 246
209 265
209 274
209 286
210 210
210 241
210 266
210 271
210 293
211 211
211 218
211 261
211 275
211 288
211 295
212 212
212 296
213 213
213 296
214 214
214 296
215 215
215 296
216 216
216 296
217 217
217 296
218 218
218 296
219 219
219 297
220 220
220 297
221 221
221 297
222 222
222 297
223 223
223 297
224 224
224 297
225 225
225 298
226 226
226 298
227 227
227 299
228 228
228 299
229 229
229 299
230 230
230 299
231 231
231 299
232 232
232 300
233 233
233 300
234 234
234 300
235 235
235 300
236 236
236 300
237 237
237 300
238 238
238 300
239 239
239 301
240 240
240 301
241 241
241 301
242 242
242 302
243 243
243 302
244 244
244 302
245 245
245 302
246 246
246 302
247 247
247 303
248 248
248 303
249 249
249 303
250 250
250 303
251 251
251 303
252 252
252 304
253 253
253 304
254 254
254 304
255 255
255 305
256 256
256 305
257 257
257 305
258 258
258 305
259 259
259 305
260 260
260 305
261 261
261 305
262 262
262 306
263 263
263 306
264 264
264 306
265 265
265 306
266 266
266 306
267 267
267 307
268 268
268 307
269 269
269 308
270 270
270 308
271 271
271 308
272 272
272 309
273 273
273 309
274 274
274 309
275 275
275 309
276 276
276 310
277 277
277 310
278 278
278 310
279 279
279 310
280 280
280 311
281 281
281 311
282 282
282 311
283 283
283 311
284 284
284 312
285 285
285 312
286 286
286 312
287 287
287 313
288 288
288 313
289 289
289 314
290 290
290 314
291 291
291 314
292 292
292 314
293 293
293 314
294 294
294 315
295 295
295 315
296 296
296 316
296 336
296 346
296 390
297 297
297 317
297 323
297 329
297 331
297 343
297 351
297 356
297 396
298 298
298 330
298 386
298 393
299 299
299 332
299 352
299 360
299 387
300 300
300 318
300 337
300 361
300 397
301 301
301 344
301 347
301 353
301 362
301 382
301 398
302 302
302 338
302 348
302 399
303 303
303 324
303 333
303 354
303 363
303 367
303 372
304 304
304 349
304 357
304 391
304 401
305 305
305 325
305 339
305 364
305 383
306 306
306 340
306 368
307 307
307 319
307 341
307 369
307 373
307 388
308 308
308 326
308 334
308 374
309 309
309 320
309 327
309 342
309 358
309 375
309 377
310 310
310 321
310 328
310 378
310 384
311 311
311 355
311 365
311 385
311 389
312 312
312 335
312 350
312 370
312 379
312 392
313 313
313 359
313 380
313 394
314 314
314 345
314 371
314 376
314 400
315 315
315 322
315 366
315 381
315 395
315 402
316 316
316 403
317 317
317 403
318 318
318 403
319 319
319 403
320 320
320 403
321 321
321 403
322 322
322 403
323 323
323 404
324 324
324 404
325 325
325 404
326 326
326 404
327 327
327 404
328 328
328 404
329 329
329 405
330 330
330 405
331 331
331 406
332 332
332 406
333 333
333 406
334 334
334 406
335 335
335 406
336 336
336 407
337 337
337 407
338 338
338 407
339 339
339 407
340 340
340 407
341 341
341 407
342 342
342 407
343 343
343 408
344 344
344 408
345 345
345 408
346 346
346 409
347 347
347 409
348 348
348 409
349 349
349 409
350 350
350 409
351 351
351 410
352 352
352 410
353 353
353 410
354 354
354 410
355 355
355 410
356 356
356 411
357 357
357 411
358 358
358 411
359 359
359 411
360 360
360 412
361 361
361 412
362 362
362 412
363 363
363 412
364 364
364 412
365 365
365 412
366 366
366 412
367 367
367 413
368 368
368 413
369 369
369 413
370 370
370 413
371 371
371 413
372 372
372 414
373 373
373 414
374 374
374 415
375 375
375 415
376 376
376 415
377 377
377 416
378 378
378 416
379 379
379 416
380 380
380 416
381 381
381 416
382 382
382 417
383 383
383 417
384 384
384 417
385 385
385 417
386 386
386 418
387 387
387 418
388 388
388 418
389 389
389 418
390 390
390 419
391 391
391 419
392 392
392 419
393 393
393 420
394 394
394 420
395 395
395 420
396 396
396 421
397 397
397 421
398 398
398 421
399 399
399 421
400 400
400 421
401 401
401 422
402 402
402 422
0 1 1
1 1 1
2 1 1
3 1 1
4 1 1
5 1 1
6 1 1
7 1 1
8 1 1
9 1 1
10 1 1
11 1 1
12 1 1
13 1 1
14 1 1
15 1 1
16 1 1
17 1 1
18 1 1
19 1 1
20 1 1
21 1 1
22 1 1
23 1 1
24 1 1
25 1 1
26 1 1
27 1 1
28 1 1
29 1 1
30 1 1
31 1 1
32 1 1
33 1 1
34 1 1
35 1 1
36 1 1
37 1 1
38 1 1
39 1 1
40 1 1
41 1 1
42 1 1
43 1 1
44 1 1
45 1 1
46 1 1
47 1 1
48 1 1
49 1 1
50 1 1
51 1 1
52 1 1
53 1 1
54 1 1
55 1 1
56 1 1
57 1 1
58 1 1
59 1 1
60 1 1
61 1 1
62 1 1
63 1 1
64 1 1
65 1 1
66 1 1
67 1 1
68 1 1
69 1 1
70 1 1
71 1 1
72 1 1
73 1 1
74 1 1
75 1 1
76 1 1
77 1 1
78 1 1
79 1 1
80 1 1
81 1 1
82 1 1
83 1 1
84 1 1
85 1 1
86 1 1
87 1 1
88 2 1
89 2 1
90 2 1
91 2 1
92 2 1
93 1 1
94 1 1
95 1 1
96 1 1
97 1 1
98 2 1
99 2 1
100 2 1
101 2 1
102 2 1
103 2 1
104 2 1
105 2 1
106 2 1
107 2 1
108 2 1
109 2 1
110 2 1
111 2 1
112 2 1
113 2 1
114 2 1
115 2 1
116 2 1
117 2 1
118 1 1
119 1 1
120 2 1
121 3 1
122 2 1
123 1 1
124 1 1
125 1 1
126 2 1
127 1 1
128 2 1
129 1 1
130 1 1
131 1 1
132 2 1
133 2 1
134 2 1
135 2 1
136 2 1
137 2 1
138 2 1
139 2 1
140 2 1
141 2 1
142 2 1
143 2 1
144 2 1
145 2 1
146 2 1
147 2 1
148 2 1
149 2 1
150 2 1
151 2 1
152 2 1
153 2 1
154 2 1
155 2 1
156 2 1
157 2 1
158 2 1
159 2 1
160 2 1
161 2 1
162 2 1
163 2 1
164 2 1
165 2 1
166 2 1
167 2 1
168 2 1
169 2 1
170 2 1
171 2 1
172 2 1
173 2 1
174 2 1
175 2 1
176 2 1
177 2 1
178 2 1
179 2 1
180 2 1
181 2 1
182 2 1
183 2 1
184 2 1
185 2 1
186 2 1
187 2 1
188 2 1
189 2 1
190 2 1
191 2 1
192 2 1
193 4 1
194 5 1
195 1 1
196 5 1
197 6 1
198 2 1
199 4 1
200 4 1
201 3 1
202 5 1
203 4 1
204 1 1
205 3 1
206 2 1
207 2 1
208 2 1
209 3 1
210 4 1
211 1 1
212 2 1
213 2 1
214 2 1
215 2 1
216 2 1
217 2 1
218 2 1
219 2 1
220 2 1
221 2 1
222 2 1
223 2 1
224 2 1
225 2 1
226 2 1
227 2 1
228 2 1
229 2 1
230 2 1
231 2 1
232 2 1
233 2 1
234 2 1
235 2 1
236 2 1
237 2 1
238 2 1
239 2 1
240 2 1
241 2 1
242 2 1
243 2 1
244 2 1
245 2 1
246 2 1
247 2 1
248 2 1
249 2 1
250 2 1
251 2 1
252 2 1
253 2 1
254 2 1
255 2 1
256 2 1
257 2 1
258 2 1
259 2 1
260 2 1
261 2 1
262 2 1
263 2 1
264 2 1
265 2 1
266 2 1
267 2 1
268 2 1
269 2 1
270 2 1
271 2 1
272 2 1
273 2 1
274 2 1
275 2 1
276 2 1
277 2 1
278 2 1
279 2 1
280 2 1
281 2 1
282 2 1
283 2 1
284 2 1
285 2 1
286 2 1
287 2 1
288 2 1
289 2 1
290 2 1
291 2 1
292 2 1
293 2 1
294 2 1
295 2 1
296 7 1
297 6 1
298 2 1
299 5 1
300 7 1
301 3 1
302 5 1
303 5 1
304 3 1
305 7 1
306 5 1
307 2 1
308 3 1
309 4 1
310 4 1
311 4 1
312 3 1
313 2 1
314 5 1
315 2 1
316 2 1
317 2 1
318 2 1
319 2 1
320 2 1
321 2 1
322 2 1
323 2 1
324 2 1
325 2 1
326 2 1
327 2 1
328 2 1
329 2 1
330 2 1
331 2 1
332 2 1
333 2 1
334 2 1
335 2 1
336 2 1
337 2 1
338 2 1
339 2 1
340 2 1
341 2 1
342 2 1
343 2 1
344 2 1
345 2 1
346 2 1
347 2 1
348 2 1
349 2 1
350 2 1
351 2 1
352 2 1
353 2 1
354 2 1
355 2 1
356 2 1
357 2 1
358 2 1
359 2 1
360 2 1
361 2 1
362 2 1
363 2 1
364 2 1
365 2 1
366 2 1
367 2 1
368 2 1
369 2 1
370 2 1
371 2 1
372 2 1
373 2 1
374 2 1
375 2 1
376 2 1
377 2 1
378 2 1
379 2 1
380 2 1
381 2 1
382 2 1
383 2 1
384 2 1
385 2 1
386 2 1
387 2 1
388 2 1
389 2 1
390 2 1
391 2 1
392 2 1
393 2 1
394 2 1
395 2 1
396 2 1
397 2 1
398 2 1
399 2 1
400 2 1
401 2 1
402 2 1
403 7 1
404 6 1
405 2 1
406 5 1
407 7 1
408 3 1
409 5 1
410 5 1
411 4 1
412 7 1
413 5 1
414 2 1
415 3 1
416 5 1
417 4 1
418 4 1
419 3 1
420 3 1
421 5 1
422 2 1
