%HyperDAG model of naive implementation of A^4 *v with sparse matrix A and dense vector v.
%The probability for having a nonzero in any cell of matrix A is 0.20
268 283 775
0 0
0 59
0 112
0 165
0 222
1 1
1 60
1 113
1 166
1 223
2 2
2 61
2 114
2 167
2 224
3 3
3 62
3 115
3 168
3 225
4 4
4 63
4 116
4 169
4 226
5 5
5 64
5 117
5 170
5 227
6 6
6 65
6 118
6 171
6 228
7 7
7 66
7 119
7 172
7 229
8 8
8 67
8 120
8 173
8 230
9 9
9 68
9 121
9 174
9 231
10 10
10 69
10 122
10 175
10 232
11 11
11 70
11 123
11 176
11 233
12 12
12 71
12 124
12 177
12 234
13 13
13 235
14 14
14 236
15 15
15 237
16 16
16 72
16 125
16 178
16 238
17 17
17 73
17 126
17 179
17 239
18 18
18 74
18 127
18 180
18 240
19 19
19 75
19 128
19 181
19 241
20 20
20 76
20 129
20 182
20 242
21 21
21 77
21 130
21 183
21 243
22 22
22 78
22 131
22 184
22 244
23 23
23 79
23 132
23 185
23 245
24 24
24 80
24 133
24 186
24 246
25 25
25 81
25 134
25 187
25 247
26 26
26 188
26 248
27 27
27 189
27 249
28 28
28 190
28 250
29 29
29 82
29 135
29 191
29 251
30 30
30 83
30 136
30 192
30 252
31 31
31 84
31 137
31 193
31 253
32 32
32 85
32 138
32 194
32 254
33 33
33 86
33 139
33 195
33 255
34 34
34 87
34 140
34 196
34 256
35 35
35 88
35 141
35 197
35 257
36 36
36 89
36 142
36 198
36 258
37 37
37 90
37 143
37 199
37 259
38 38
38 91
38 144
38 200
38 260
39 39
39 92
39 145
39 201
39 261
40 40
40 93
40 146
40 202
40 262
41 41
41 94
41 147
41 203
41 263
42 42
42 95
42 148
42 204
42 264
43 43
43 96
43 149
43 205
43 265
44 44
44 97
44 150
44 206
44 266
45 45
45 98
45 151
45 207
45 267
46 46
46 59
46 67
47 47
47 68
47 72
47 82
48 48
48 69
48 94
49 49
49 60
49 64
49 83
49 85
49 87
50 50
50 92
50 95
51 51
51 73
51 78
51 98
52 52
52 79
53 53
53 70
53 74
53 80
53 88
53 93
54 54
54 61
54 65
54 75
54 89
54 96
55 55
55 76
55 90
56 56
56 62
56 66
56 84
56 97
57 57
57 63
57 71
57 77
57 91
58 58
58 81
58 86
59 59
59 99
60 60
60 99
61 61
61 99
62 62
62 99
63 63
63 99
64 64
64 100
65 65
65 100
66 66
66 100
67 67
67 101
68 68
68 101
69 69
69 101
70 70
70 101
71 71
71 102
72 72
72 103
73 73
73 103
74 74
74 103
75 75
75 103
76 76
76 103
77 77
77 103
78 78
78 104
79 79
79 105
80 80
80 105
81 81
81 105
82 82
82 106
83 83
83 106
84 84
84 106
85 85
85 107
86 86
86 107
87 87
87 108
88 88
88 108
89 89
89 108
90 90
90 108
91 91
91 108
92 92
92 109
93 93
93 109
94 94
94 110
95 95
95 110
96 96
96 110
97 97
97 110
98 98
98 111
99 99
99 112
99 120
100 100
100 121
100 125
100 135
101 101
101 122
101 147
102 102
102 113
102 117
102 136
102 138
102 140
103 103
103 145
103 148
104 104
104 126
104 131
104 151
105 105
105 132
106 106
106 123
106 127
106 133
106 141
106 146
107 107
107 114
107 118
107 128
107 142
107 149
108 108
108 129
108 143
109 109
109 115
109 119
109 137
109 150
110 110
110 116
110 124
110 130
110 144
111 111
111 134
111 139
112 112
112 152
113 113
113 152
114 114
114 152
115 115
115 152
116 116
116 152
117 117
117 153
118 118
118 153
119 119
119 153
120 120
120 154
121 121
121 154
122 122
122 154
123 123
123 154
124 124
124 155
125 125
125 156
126 126
126 156
127 127
127 156
128 128
128 156
129 129
129 156
130 130
130 156
131 131
131 157
132 132
132 158
133 133
133 158
134 134
134 158
135 135
135 159
136 136
136 159
137 137
137 159
138 138
138 160
139 139
139 160
140 140
140 161
141 141
141 161
142 142
142 161
143 143
143 161
144 144
144 161
145 145
145 162
146 146
146 162
147 147
147 163
148 148
148 163
149 149
149 163
150 150
150 163
151 151
151 164
152 152
152 165
152 173
153 153
153 174
153 178
153 188
153 191
154 154
154 175
154 203
155 155
155 166
155 170
155 192
155 194
155 196
156 156
156 201
156 204
157 157
157 179
157 184
157 207
158 158
158 185
159 159
159 176
159 180
159 186
159 189
159 197
159 202
160 160
160 167
160 171
160 181
160 198
160 205
161 161
161 182
161 199
162 162
162 168
162 172
162 193
162 206
163 163
163 169
163 177
163 183
163 200
164 164
164 187
164 190
164 195
165 165
165 208
166 166
166 208
167 167
167 208
168 168
168 208
169 169
169 208
170 170
170 209
171 171
171 209
172 172
172 209
173 173
173 210
174 174
174 210
175 175
175 210
176 176
176 210
177 177
177 211
178 178
178 212
179 179
179 212
180 180
180 212
181 181
181 212
182 182
182 212
183 183
183 212
184 184
184 213
185 185
185 214
186 186
186 214
187 187
187 214
188 188
188 215
189 189
189 215
190 190
190 215
191 191
191 216
192 192
192 216
193 193
193 216
194 194
194 217
195 195
195 217
196 196
196 218
197 197
197 218
198 198
198 218
199 199
199 218
200 200
200 218
201 201
201 219
202 202
202 219
203 203
203 220
204 204
204 220
205 205
205 220
206 206
206 220
207 207
207 221
208 208
208 222
208 230
209 209
209 231
209 238
209 248
209 251
210 210
210 232
210 263
211 211
211 223
211 227
211 235
211 252
211 254
211 256
212 212
212 261
212 264
213 213
213 239
213 244
213 267
214 214
214 245
215 215
215 236
216 216
216 233
216 240
216 246
216 249
216 257
216 262
217 217
217 224
217 228
217 241
217 258
217 265
218 218
218 242
218 259
219 219
219 225
219 229
219 237
219 253
219 266
220 220
220 226
220 234
220 243
220 260
221 221
221 247
221 250
221 255
222 222
222 268
223 223
223 268
224 224
224 268
225 225
225 268
226 226
226 268
227 227
227 269
228 228
228 269
229 229
229 269
230 230
230 270
231 231
231 270
232 232
232 270
233 233
233 270
234 234
234 271
235 235
235 272
236 236
236 272
237 237
237 272
238 238
238 273
239 239
239 273
240 240
240 273
241 241
241 273
242 242
242 273
243 243
243 273
244 244
244 274
245 245
245 275
246 246
246 275
247 247
247 275
248 248
248 276
249 249
249 276
250 250
250 276
251 251
251 277
252 252
252 277
253 253
253 277
254 254
254 278
255 255
255 278
256 256
256 279
257 257
257 279
258 258
258 279
259 259
259 279
260 260
260 279
261 261
261 280
262 262
262 280
263 263
263 281
264 264
264 281
265 265
265 281
266 266
266 281
267 267
267 282
0 1 1
1 1 1
2 1 1
3 1 1
4 1 1
5 1 1
6 1 1
7 1 1
8 1 1
9 1 1
10 1 1
11 1 1
12 1 1
13 1 1
14 1 1
15 1 1
16 1 1
17 1 1
18 1 1
19 1 1
20 1 1
21 1 1
22 1 1
23 1 1
24 1 1
25 1 1
26 1 1
27 1 1
28 1 1
29 1 1
30 1 1
31 1 1
32 1 1
33 1 1
34 1 1
35 1 1
36 1 1
37 1 1
38 1 1
39 1 1
40 1 1
41 1 1
42 1 1
43 1 1
44 1 1
45 1 1
46 1 1
47 1 1
48 1 1
49 1 1
50 1 1
51 1 1
52 1 1
53 1 1
54 1 1
55 1 1
56 1 1
57 1 1
58 1 1
59 2 1
60 2 1
61 2 1
62 2 1
63 2 1
64 2 1
65 2 1
66 2 1
67 2 1
68 2 1
69 2 1
70 2 1
71 2 1
72 2 1
73 2 1
74 2 1
75 2 1
76 2 1
77 2 1
78 2 1
79 2 1
80 2 1
81 2 1
82 2 1
83 2 1
84 2 1
85 2 1
86 2 1
87 2 1
88 2 1
89 2 1
90 2 1
91 2 1
92 2 1
93 2 1
94 2 1
95 2 1
96 2 1
97 2 1
98 2 1
99 5 1
100 3 1
101 4 1
102 1 1
103 6 1
104 1 1
105 3 1
106 3 1
107 2 1
108 5 1
109 2 1
110 4 1
111 1 1
112 2 1
113 2 1
114 2 1
115 2 1
116 2 1
117 2 1
118 2 1
119 2 1
120 2 1
121 2 1
122 2 1
123 2 1
124 2 1
125 2 1
126 2 1
127 2 1
128 2 1
129 2 1
130 2 1
131 2 1
132 2 1
133 2 1
134 2 1
135 2 1
136 2 1
137 2 1
138 2 1
139 2 1
140 2 1
141 2 1
142 2 1
143 2 1
144 2 1
145 2 1
146 2 1
147 2 1
148 2 1
149 2 1
150 2 1
151 2 1
152 5 1
153 3 1
154 4 1
155 1 1
156 6 1
157 1 1
158 3 1
159 3 1
160 2 1
161 5 1
162 2 1
163 4 1
164 1 1
165 2 1
166 2 1
167 2 1
168 2 1
169 2 1
170 2 1
171 2 1
172 2 1
173 2 1
174 2 1
175 2 1
176 2 1
177 2 1
178 2 1
179 2 1
180 2 1
181 2 1
182 2 1
183 2 1
184 2 1
185 2 1
186 2 1
187 2 1
188 2 1
189 2 1
190 2 1
191 2 1
192 2 1
193 2 1
194 2 1
195 2 1
196 2 1
197 2 1
198 2 1
199 2 1
200 2 1
201 2 1
202 2 1
203 2 1
204 2 1
205 2 1
206 2 1
207 2 1
208 5 1
209 3 1
210 4 1
211 1 1
212 6 1
213 1 1
214 3 1
215 3 1
216 3 1
217 2 1
218 5 1
219 2 1
220 4 1
221 1 1
222 2 1
223 2 1
224 2 1
225 2 1
226 2 1
227 2 1
228 2 1
229 2 1
230 2 1
231 2 1
232 2 1
233 2 1
234 2 1
235 2 1
236 2 1
237 2 1
238 2 1
239 2 1
240 2 1
241 2 1
242 2 1
243 2 1
244 2 1
245 2 1
246 2 1
247 2 1
248 2 1
249 2 1
250 2 1
251 2 1
252 2 1
253 2 1
254 2 1
255 2 1
256 2 1
257 2 1
258 2 1
259 2 1
260 2 1
261 2 1
262 2 1
263 2 1
264 2 1
265 2 1
266 2 1
267 2 1
268 5 1
269 3 1
270 4 1
271 1 1
272 3 1
273 6 1
274 1 1
275 3 1
276 3 1
277 3 1
278 2 1
279 5 1
280 2 1
281 4 1
282 1 1
