% Converted version of coarse-grained hyperDAG from simple_pagerank_gyro_m.txt
196 265 691
0 0
0 2
1 1
1 2
2 2
2 16
2 23
2 29
2 35
2 41
2 47
2 53
2 59
2 65
2 71
2 77
2 83
2 89
2 95
2 101
2 107
2 113
2 119
2 125
2 131
2 137
2 143
2 149
2 155
2 161
2 167
2 173
2 179
2 185
2 191
2 197
2 201
2 204
2 207
2 210
2 213
2 216
2 219
2 222
2 225
2 228
2 231
2 234
2 237
2 240
2 243
2 246
2 249
2 252
2 255
2 258
2 261
2 264
3 3
3 7
4 4
4 13
5 5
5 11
6 6
6 15
7 7
7 9
8 8
8 9
9 9
9 19
9 20
10 10
10 11
11 11
11 22
12 12
12 13
13 13
13 16
13 23
13 29
13 35
13 41
13 47
13 53
13 59
13 65
13 71
13 77
13 83
13 89
13 95
13 101
13 107
13 113
13 119
13 125
13 131
13 137
13 143
13 149
13 155
13 161
13 167
13 173
13 179
13 185
13 191
13 197
13 201
13 204
13 207
13 210
13 213
13 216
13 219
13 222
13 225
13 228
13 231
13 234
13 237
13 240
13 243
13 246
13 249
13 252
13 255
13 258
13 261
13 264
14 14
14 15
15 15
15 16
16 16
16 17
17 17
17 19
17 20
17 25
17 26
17 31
17 32
17 37
17 38
17 43
17 44
17 49
17 50
17 55
17 56
17 61
17 62
17 67
17 68
17 73
17 74
17 79
17 80
17 85
17 86
17 91
17 92
17 97
17 98
17 103
17 104
17 109
17 110
17 115
17 116
17 121
17 122
17 127
17 128
17 133
17 134
17 139
17 140
17 145
17 146
17 151
17 152
17 157
17 158
17 163
17 164
17 169
17 170
17 175
17 176
17 181
17 182
17 187
17 188
17 193
17 194
17 199
17 200
17 202
17 203
17 205
17 206
17 208
17 209
17 211
17 212
17 214
17 215
17 217
17 218
17 220
17 221
17 223
17 224
17 226
17 227
17 229
17 230
17 232
17 233
17 235
17 236
17 238
17 239
17 241
17 242
17 244
17 245
17 247
17 248
17 250
17 251
17 253
17 254
17 256
17 257
17 259
17 260
17 262
17 263
18 18
18 19
18 20
19 19
19 24
19 25
19 26
20 20
20 25
20 26
21 21
21 22
22 22
22 23
23 23
23 24
24 24
24 28
25 25
25 30
25 31
25 32
26 26
26 31
26 32
27 27
27 28
28 28
28 29
29 29
29 30
30 30
30 34
31 31
31 36
31 37
31 38
32 32
32 37
32 38
33 33
33 34
34 34
34 35
35 35
35 36
36 36
36 40
37 37
37 42
37 43
37 44
38 38
38 43
38 44
39 39
39 40
40 40
40 41
41 41
41 42
42 42
42 46
43 43
43 48
43 49
43 50
44 44
44 49
44 50
45 45
45 46
46 46
46 47
47 47
47 48
48 48
48 52
49 49
49 54
49 55
49 56
50 50
50 55
50 56
51 51
51 52
52 52
52 53
53 53
53 54
54 54
54 58
55 55
55 60
55 61
55 62
56 56
56 61
56 62
57 57
57 58
58 58
58 59
59 59
59 60
60 60
60 64
61 61
61 66
61 67
61 68
62 62
62 67
62 68
63 63
63 64
64 64
64 65
65 65
65 66
66 66
66 70
67 67
67 72
67 73
67 74
68 68
68 73
68 74
69 69
69 70
70 70
70 71
71 71
71 72
72 72
72 76
73 73
73 78
73 79
73 80
74 74
74 79
74 80
75 75
75 76
76 76
76 77
77 77
77 78
78 78
78 82
79 79
79 84
79 85
79 86
80 80
80 85
80 86
81 81
81 82
82 82
82 83
83 83
83 84
84 84
84 88
85 85
85 90
85 91
85 92
86 86
86 91
86 92
87 87
87 88
88 88
88 89
89 89
89 90
90 90
90 94
91 91
91 96
91 97
91 98
92 92
92 97
92 98
93 93
93 94
94 94
94 95
95 95
95 96
96 96
96 100
97 97
97 102
97 103
97 104
98 98
98 103
98 104
99 99
99 100
100 100
100 101
101 101
101 102
102 102
102 106
103 103
103 108
103 109
103 110
104 104
104 109
104 110
105 105
105 106
106 106
106 107
107 107
107 108
108 108
108 112
109 109
109 114
109 115
109 116
110 110
110 115
110 116
111 111
111 112
112 112
112 113
113 113
113 114
114 114
114 118
115 115
115 120
115 121
115 122
116 116
116 121
116 122
117 117
117 118
118 118
118 119
119 119
119 120
120 120
120 124
121 121
121 126
121 127
121 128
122 122
122 127
122 128
123 123
123 124
124 124
124 125
125 125
125 126
126 126
126 130
127 127
127 132
127 133
127 134
128 128
128 133
128 134
129 129
129 130
130 130
130 131
131 131
131 132
132 132
132 136
133 133
133 138
133 139
133 140
134 134
134 139
134 140
135 135
135 136
136 136
136 137
137 137
137 138
138 138
138 142
139 139
139 144
139 145
139 146
140 140
140 145
140 146
141 141
141 142
142 142
142 143
143 143
143 144
144 144
144 148
145 145
145 150
145 151
145 152
146 146
146 151
146 152
147 147
147 148
148 148
148 149
149 149
149 150
150 150
150 154
151 151
151 156
151 157
151 158
152 152
152 157
152 158
153 153
153 154
154 154
154 155
155 155
155 156
156 156
156 160
157 157
157 162
157 163
157 164
158 158
158 163
158 164
159 159
159 160
160 160
160 161
161 161
161 162
162 162
162 166
163 163
163 168
163 169
163 170
164 164
164 169
164 170
165 165
165 166
166 166
166 167
167 167
167 168
168 168
168 172
169 169
169 174
169 175
169 176
170 170
170 175
170 176
171 171
171 172
172 172
172 173
173 173
173 174
174 174
174 178
175 175
175 180
175 181
175 182
176 176
176 181
176 182
177 177
177 178
178 178
178 179
179 179
179 180
180 180
180 184
181 181
181 186
181 187
181 188
182 182
182 187
182 188
183 183
183 184
184 184
184 185
185 185
185 186
186 186
186 190
187 187
187 192
187 193
187 194
188 188
188 193
188 194
189 189
189 190
190 190
190 191
191 191
191 192
192 192
192 196
193 193
193 198
193 199
193 200
194 194
194 199
194 200
195 195
195 196
0 1 1
1 1 1
2 2 1
3 1 1
4 1 1
5 1 1
6 1 1
7 1 1
8 1 1
9 2 1
10 1 1
11 2 1
12 1 1
13 2 1
14 1 1
15 2 1
16 3 1
17 1 1
18 1 1
19 3 1
20 3 1
21 1 1
22 2 1
23 3 1
24 2 1
25 3 1
26 3 1
27 1 1
28 2 1
29 3 1
30 2 1
31 3 1
32 3 1
33 1 1
34 2 1
35 3 1
36 2 1
37 3 1
38 3 1
39 1 1
40 2 1
41 3 1
42 2 1
43 3 1
44 3 1
45 1 1
46 2 1
47 3 1
48 2 1
49 3 1
50 3 1
51 1 1
52 2 1
53 3 1
54 2 1
55 3 1
56 3 1
57 1 1
58 2 1
59 3 1
60 2 1
61 3 1
62 3 1
63 1 1
64 2 1
65 3 1
66 2 1
67 3 1
68 3 1
69 1 1
70 2 1
71 3 1
72 2 1
73 3 1
74 3 1
75 1 1
76 2 1
77 3 1
78 2 1
79 3 1
80 3 1
81 1 1
82 2 1
83 3 1
84 2 1
85 3 1
86 3 1
87 1 1
88 2 1
89 3 1
90 2 1
91 3 1
92 3 1
93 1 1
94 2 1
95 3 1
96 2 1
97 3 1
98 3 1
99 1 1
100 2 1
101 3 1
102 2 1
103 3 1
104 3 1
105 1 1
106 2 1
107 3 1
108 2 1
109 3 1
110 3 1
111 1 1
112 2 1
113 3 1
114 2 1
115 3 1
116 3 1
117 1 1
118 2 1
119 3 1
120 2 1
121 3 1
122 3 1
123 1 1
124 2 1
125 3 1
126 2 1
127 3 1
128 3 1
129 1 1
130 2 1
131 3 1
132 2 1
133 3 1
134 3 1
135 1 1
136 2 1
137 3 1
138 2 1
139 3 1
140 3 1
141 1 1
142 2 1
143 3 1
144 2 1
145 3 1
146 3 1
147 1 1
148 2 1
149 3 1
150 2 1
151 3 1
152 3 1
153 1 1
154 2 1
155 3 1
156 2 1
157 3 1
158 3 1
159 1 1
160 2 1
161 3 1
162 2 1
163 3 1
164 3 1
165 1 1
166 2 1
167 3 1
168 2 1
169 3 1
170 3 1
171 1 1
172 2 1
173 3 1
174 2 1
175 3 1
176 3 1
177 1 1
178 2 1
179 3 1
180 2 1
181 3 1
182 3 1
183 1 1
184 2 1
185 3 1
186 2 1
187 3 1
188 3 1
189 1 1
190 2 1
191 3 1
192 2 1
193 3 1
194 3 1
195 1 1
196 2 1
197 2 1
198 1 1
199 3 1
200 3 1
201 2 1
202 1 1
203 1 1
204 2 1
205 1 1
206 1 1
207 2 1
208 1 1
209 1 1
210 2 1
211 1 1
212 1 1
213 2 1
214 1 1
215 1 1
216 2 1
217 1 1
218 1 1
219 2 1
220 1 1
221 1 1
222 2 1
223 1 1
224 1 1
225 2 1
226 1 1
227 1 1
228 2 1
229 1 1
230 1 1
231 2 1
232 1 1
233 1 1
234 2 1
235 1 1
236 1 1
237 2 1
238 1 1
239 1 1
240 2 1
241 1 1
242 1 1
243 2 1
244 1 1
245 1 1
246 2 1
247 1 1
248 1 1
249 2 1
250 1 1
251 1 1
252 2 1
253 1 1
254 1 1
255 2 1
256 1 1
257 1 1
258 2 1
259 1 1
260 1 1
261 2 1
262 1 1
263 1 1
264 2 1
