%HyperDAG model of naive implementation of 7 iterations of the conjugate gradient method.
%The probability for having a nonzero in any cell of matrix A is 0.20
583 597 1723
0 0
0 19
0 67
0 146
0 225
0 304
0 383
0 462
0 541
1 1
1 20
1 68
1 147
1 226
1 305
1 384
1 463
1 542
2 2
2 21
2 69
2 148
2 227
2 306
2 385
2 464
2 543
3 3
3 22
3 70
3 149
3 228
3 307
3 386
3 465
3 544
4 4
4 23
4 71
4 150
4 229
4 308
4 387
4 466
4 545
5 5
5 24
5 72
5 151
5 230
5 309
5 388
5 467
5 546
6 6
6 25
6 73
6 152
6 231
6 310
6 389
6 468
6 547
7 7
7 26
7 74
7 153
7 232
7 311
7 390
7 469
7 548
8 8
8 27
8 75
8 154
8 233
8 312
8 391
8 470
8 549
9 9
9 28
9 76
9 155
9 234
9 313
9 392
9 471
9 550
10 10
10 29
10 77
10 156
10 235
10 314
10 393
10 472
10 551
11 11
11 30
11 78
11 157
11 236
11 315
11 394
11 473
11 552
12 12
12 19
12 102
13 13
13 103
14 14
14 27
14 104
15 15
15 20
15 21
15 28
15 105
16 16
16 24
16 25
16 29
16 30
16 106
17 17
17 22
17 107
18 18
18 23
18 26
18 108
19 19
19 31
20 20
20 31
21 21
21 32
22 22
22 32
23 23
23 32
24 24
24 33
25 25
25 34
26 26
26 34
27 27
27 35
28 28
28 35
29 29
29 35
30 30
30 36
31 31
31 45
32 32
32 46
33 33
33 47
34 34
34 48
35 35
35 49
36 36
36 50
37 37
37 51
38 38
38 45
39 39
39 46
40 40
40 47
41 41
41 48
42 42
42 49
43 43
43 50
44 44
44 51
45 45
45 52
45 59
45 116
46 46
46 53
46 60
46 117
47 47
47 54
47 61
47 118
48 48
48 55
48 62
48 119
49 49
49 56
49 63
49 120
50 50
50 57
50 64
50 121
51 51
51 58
51 65
51 122
52 52
52 67
52 86
52 95
52 132
53 53
53 87
53 96
53 133
54 54
54 75
54 88
54 97
54 134
55 55
55 68
55 69
55 76
55 89
55 98
55 135
56 56
56 72
56 73
56 77
56 78
56 90
56 99
56 136
57 57
57 70
57 91
57 100
57 137
58 58
58 71
58 74
58 92
58 101
58 138
59 59
59 66
60 60
60 66
61 61
61 66
62 62
62 66
63 63
63 66
64 64
64 66
65 65
65 66
66 66
66 94
66 131
67 67
67 79
68 68
68 79
69 69
69 80
70 70
70 80
71 71
71 80
72 72
72 81
73 73
73 82
74 74
74 82
75 75
75 83
76 76
76 83
77 77
77 83
78 78
78 84
79 79
79 86
79 109
80 80
80 87
80 110
81 81
81 88
81 111
82 82
82 89
82 112
83 83
83 90
83 113
84 84
84 91
84 114
85 85
85 92
85 115
86 86
86 93
87 87
87 93
88 88
88 93
89 89
89 93
90 90
90 93
91 91
91 93
92 92
92 93
93 93
93 94
94 94
94 95
94 96
94 97
94 98
94 99
94 100
94 101
94 109
94 110
94 111
94 112
94 113
94 114
94 115
95 95
95 102
96 96
96 103
97 97
97 104
98 98
98 105
99 99
99 106
100 100
100 107
101 101
101 108
102 102
102 181
103 103
103 182
104 104
104 183
105 105
105 184
106 106
106 185
107 107
107 186
108 108
108 187
109 109
109 116
110 110
110 117
111 111
111 118
112 112
112 119
113 113
113 120
114 114
114 121
115 115
115 122
116 116
116 123
116 139
116 195
117 117
117 124
117 140
117 196
118 118
118 125
118 141
118 197
119 119
119 126
119 142
119 198
120 120
120 127
120 143
120 199
121 121
121 128
121 144
121 200
122 122
122 129
122 145
122 201
123 123
123 130
124 124
124 130
125 125
125 130
126 126
126 130
127 127
127 130
128 128
128 130
129 129
129 130
130 130
130 131
130 173
130 210
131 131
131 132
131 133
131 134
131 135
131 136
131 137
131 138
132 132
132 139
133 133
133 140
134 134
134 141
135 135
135 142
136 136
136 143
137 137
137 144
138 138
138 145
139 139
139 146
139 165
139 174
139 211
140 140
140 166
140 175
140 212
141 141
141 154
141 167
141 176
141 213
142 142
142 147
142 148
142 155
142 168
142 177
142 214
143 143
143 151
143 152
143 156
143 157
143 169
143 178
143 215
144 144
144 149
144 170
144 179
144 216
145 145
145 150
145 153
145 171
145 180
145 217
146 146
146 158
147 147
147 158
148 148
148 159
149 149
149 159
150 150
150 159
151 151
151 160
152 152
152 161
153 153
153 161
154 154
154 162
155 155
155 162
156 156
156 162
157 157
157 163
158 158
158 165
158 188
159 159
159 166
159 189
160 160
160 167
160 190
161 161
161 168
161 191
162 162
162 169
162 192
163 163
163 170
163 193
164 164
164 171
164 194
165 165
165 172
166 166
166 172
167 167
167 172
168 168
168 172
169 169
169 172
170 170
170 172
171 171
171 172
172 172
172 173
173 173
173 174
173 175
173 176
173 177
173 178
173 179
173 180
173 188
173 189
173 190
173 191
173 192
173 193
173 194
174 174
174 181
175 175
175 182
176 176
176 183
177 177
177 184
178 178
178 185
179 179
179 186
180 180
180 187
181 181
181 260
182 182
182 261
183 183
183 262
184 184
184 263
185 185
185 264
186 186
186 265
187 187
187 266
188 188
188 195
189 189
189 196
190 190
190 197
191 191
191 198
192 192
192 199
193 193
193 200
194 194
194 201
195 195
195 202
195 218
195 274
196 196
196 203
196 219
196 275
197 197
197 204
197 220
197 276
198 198
198 205
198 221
198 277
199 199
199 206
199 222
199 278
200 200
200 207
200 223
200 279
201 201
201 208
201 224
201 280
202 202
202 209
203 203
203 209
204 204
204 209
205 205
205 209
206 206
206 209
207 207
207 209
208 208
208 209
209 209
209 210
209 252
209 289
210 210
210 211
210 212
210 213
210 214
210 215
210 216
210 217
211 211
211 218
212 212
212 219
213 213
213 220
214 214
214 221
215 215
215 222
216 216
216 223
217 217
217 224
218 218
218 225
218 244
218 253
218 290
219 219
219 245
219 254
219 291
220 220
220 233
220 246
220 255
220 292
221 221
221 226
221 227
221 234
221 247
221 256
221 293
222 222
222 230
222 231
222 235
222 236
222 248
222 257
222 294
223 223
223 228
223 249
223 258
223 295
224 224
224 229
224 232
224 250
224 259
224 296
225 225
225 237
226 226
226 237
227 227
227 238
228 228
228 238
229 229
229 238
230 230
230 239
231 231
231 240
232 232
232 240
233 233
233 241
234 234
234 241
235 235
235 241
236 236
236 242
237 237
237 244
237 267
238 238
238 245
238 268
239 239
239 246
239 269
240 240
240 247
240 270
241 241
241 248
241 271
242 242
242 249
242 272
243 243
243 250
243 273
244 244
244 251
245 245
245 251
246 246
246 251
247 247
247 251
248 248
248 251
249 249
249 251
250 250
250 251
251 251
251 252
252 252
252 253
252 254
252 255
252 256
252 257
252 258
252 259
252 267
252 268
252 269
252 270
252 271
252 272
252 273
253 253
253 260
254 254
254 261
255 255
255 262
256 256
256 263
257 257
257 264
258 258
258 265
259 259
259 266
260 260
260 339
261 261
261 340
262 262
262 341
263 263
263 342
264 264
264 343
265 265
265 344
266 266
266 345
267 267
267 274
268 268
268 275
269 269
269 276
270 270
270 277
271 271
271 278
272 272
272 279
273 273
273 280
274 274
274 281
274 297
274 353
275 275
275 282
275 298
275 354
276 276
276 283
276 299
276 355
277 277
277 284
277 300
277 356
278 278
278 285
278 301
278 357
279 279
279 286
279 302
279 358
280 280
280 287
280 303
280 359
281 281
281 288
282 282
282 288
283 283
283 288
284 284
284 288
285 285
285 288
286 286
286 288
287 287
287 288
288 288
288 289
288 331
288 368
289 289
289 290
289 291
289 292
289 293
289 294
289 295
289 296
290 290
290 297
291 291
291 298
292 292
292 299
293 293
293 300
294 294
294 301
295 295
295 302
296 296
296 303
297 297
297 304
297 323
297 332
297 369
298 298
298 324
298 333
298 370
299 299
299 312
299 325
299 334
299 371
300 300
300 305
300 306
300 313
300 326
300 335
300 372
301 301
301 309
301 310
301 314
301 315
301 327
301 336
301 373
302 302
302 307
302 328
302 337
302 374
303 303
303 308
303 311
303 329
303 338
303 375
304 304
304 316
305 305
305 316
306 306
306 317
307 307
307 317
308 308
308 317
309 309
309 318
310 310
310 319
311 311
311 319
312 312
312 320
313 313
313 320
314 314
314 320
315 315
315 321
316 316
316 323
316 346
317 317
317 324
317 347
318 318
318 325
318 348
319 319
319 326
319 349
320 320
320 327
320 350
321 321
321 328
321 351
322 322
322 329
322 352
323 323
323 330
324 324
324 330
325 325
325 330
326 326
326 330
327 327
327 330
328 328
328 330
329 329
329 330
330 330
330 331
331 331
331 332
331 333
331 334
331 335
331 336
331 337
331 338
331 346
331 347
331 348
331 349
331 350
331 351
331 352
332 332
332 339
333 333
333 340
334 334
334 341
335 335
335 342
336 336
336 343
337 337
337 344
338 338
338 345
339 339
339 418
340 340
340 419
341 341
341 420
342 342
342 421
343 343
343 422
344 344
344 423
345 345
345 424
346 346
346 353
347 347
347 354
348 348
348 355
349 349
349 356
350 350
350 357
351 351
351 358
352 352
352 359
353 353
353 360
353 376
353 432
354 354
354 361
354 377
354 433
355 355
355 362
355 378
355 434
356 356
356 363
356 379
356 435
357 357
357 364
357 380
357 436
358 358
358 365
358 381
358 437
359 359
359 366
359 382
359 438
360 360
360 367
361 361
361 367
362 362
362 367
363 363
363 367
364 364
364 367
365 365
365 367
366 366
366 367
367 367
367 368
367 410
367 447
368 368
368 369
368 370
368 371
368 372
368 373
368 374
368 375
369 369
369 376
370 370
370 377
371 371
371 378
372 372
372 379
373 373
373 380
374 374
374 381
375 375
375 382
376 376
376 383
376 402
376 411
376 448
377 377
377 403
377 412
377 449
378 378
378 391
378 404
378 413
378 450
379 379
379 384
379 385
379 392
379 405
379 414
379 451
380 380
380 388
380 389
380 393
380 394
380 406
380 415
380 452
381 381
381 386
381 407
381 416
381 453
382 382
382 387
382 390
382 408
382 417
382 454
383 383
383 395
384 384
384 395
385 385
385 396
386 386
386 396
387 387
387 396
388 388
388 397
389 389
389 398
390 390
390 398
391 391
391 399
392 392
392 399
393 393
393 399
394 394
394 400
395 395
395 402
395 425
396 396
396 403
396 426
397 397
397 404
397 427
398 398
398 405
398 428
399 399
399 406
399 429
400 400
400 407
400 430
401 401
401 408
401 431
402 402
402 409
403 403
403 409
404 404
404 409
405 405
405 409
406 406
406 409
407 407
407 409
408 408
408 409
409 409
409 410
410 410
410 411
410 412
410 413
410 414
410 415
410 416
410 417
410 425
410 426
410 427
410 428
410 429
410 430
410 431
411 411
411 418
412 412
412 419
413 413
413 420
414 414
414 421
415 415
415 422
416 416
416 423
417 417
417 424
418 418
418 497
419 419
419 498
420 420
420 499
421 421
421 500
422 422
422 501
423 423
423 502
424 424
424 503
425 425
425 432
426 426
426 433
427 427
427 434
428 428
428 435
429 429
429 436
430 430
430 437
431 431
431 438
432 432
432 439
432 455
432 511
433 433
433 440
433 456
433 512
434 434
434 441
434 457
434 513
435 435
435 442
435 458
435 514
436 436
436 443
436 459
436 515
437 437
437 444
437 460
437 516
438 438
438 445
438 461
438 517
439 439
439 446
440 440
440 446
441 441
441 446
442 442
442 446
443 443
443 446
444 444
444 446
445 445
445 446
446 446
446 447
446 489
446 526
447 447
447 448
447 449
447 450
447 451
447 452
447 453
447 454
448 448
448 455
449 449
449 456
450 450
450 457
451 451
451 458
452 452
452 459
453 453
453 460
454 454
454 461
455 455
455 462
455 481
455 490
455 527
456 456
456 482
456 491
456 528
457 457
457 470
457 483
457 492
457 529
458 458
458 463
458 464
458 471
458 484
458 493
458 530
459 459
459 467
459 468
459 472
459 473
459 485
459 494
459 531
460 460
460 465
460 486
460 495
460 532
461 461
461 466
461 469
461 487
461 496
461 533
462 462
462 474
463 463
463 474
464 464
464 475
465 465
465 475
466 466
466 475
467 467
467 476
468 468
468 477
469 469
469 477
470 470
470 478
471 471
471 478
472 472
472 478
473 473
473 479
474 474
474 481
474 504
475 475
475 482
475 505
476 476
476 483
476 506
477 477
477 484
477 507
478 478
478 485
478 508
479 479
479 486
479 509
480 480
480 487
480 510
481 481
481 488
482 482
482 488
483 483
483 488
484 484
484 488
485 485
485 488
486 486
486 488
487 487
487 488
488 488
488 489
489 489
489 490
489 491
489 492
489 493
489 494
489 495
489 496
489 504
489 505
489 506
489 507
489 508
489 509
489 510
490 490
490 497
491 491
491 498
492 492
492 499
493 493
493 500
494 494
494 501
495 495
495 502
496 496
496 503
497 497
497 576
498 498
498 577
499 499
499 578
500 500
500 579
501 501
501 580
502 502
502 581
503 503
503 582
504 504
504 511
505 505
505 512
506 506
506 513
507 507
507 514
508 508
508 515
509 509
509 516
510 510
510 517
511 511
511 518
511 534
511 590
512 512
512 519
512 535
512 591
513 513
513 520
513 536
513 592
514 514
514 521
514 537
514 593
515 515
515 522
515 538
515 594
516 516
516 523
516 539
516 595
517 517
517 524
517 540
517 596
518 518
518 525
519 519
519 525
520 520
520 525
521 521
521 525
522 522
522 525
523 523
523 525
524 524
524 525
525 525
525 526
525 568
526 526
526 527
526 528
526 529
526 530
526 531
526 532
526 533
527 527
527 534
528 528
528 535
529 529
529 536
530 530
530 537
531 531
531 538
532 532
532 539
533 533
533 540
534 534
534 541
534 560
534 569
535 535
535 561
535 570
536 536
536 549
536 562
536 571
537 537
537 542
537 543
537 550
537 563
537 572
538 538
538 546
538 547
538 551
538 552
538 564
538 573
539 539
539 544
539 565
539 574
540 540
540 545
540 548
540 566
540 575
541 541
541 553
542 542
542 553
543 543
543 554
544 544
544 554
545 545
545 554
546 546
546 555
547 547
547 556
548 548
548 556
549 549
549 557
550 550
550 557
551 551
551 557
552 552
552 558
553 553
553 560
553 583
554 554
554 561
554 584
555 555
555 562
555 585
556 556
556 563
556 586
557 557
557 564
557 587
558 558
558 565
558 588
559 559
559 566
559 589
560 560
560 567
561 561
561 567
562 562
562 567
563 563
563 567
564 564
564 567
565 565
565 567
566 566
566 567
567 567
567 568
568 568
568 569
568 570
568 571
568 572
568 573
568 574
568 575
568 583
568 584
568 585
568 586
568 587
568 588
568 589
569 569
569 576
570 570
570 577
571 571
571 578
572 572
572 579
573 573
573 580
574 574
574 581
575 575
575 582
576 583
576 590
577 584
577 591
578 585
578 592
579 586
579 593
580 587
580 594
581 588
581 595
582 589
582 596
0 1 1
1 1 1
2 1 1
3 1 1
4 1 1
5 1 1
6 1 1
7 1 1
8 1 1
9 1 1
10 1 1
11 1 1
12 1 1
13 1 1
14 1 1
15 1 1
16 1 1
17 1 1
18 1 1
19 2 1
20 2 1
21 2 1
22 2 1
23 2 1
24 2 1
25 2 1
26 2 1
27 2 1
28 2 1
29 2 1
30 2 1
31 2 1
32 3 1
33 1 1
34 2 1
35 3 1
36 1 1
37 1 1
38 1 1
39 1 1
40 1 1
41 1 1
42 1 1
43 1 1
44 1 1
45 2 1
46 2 1
47 2 1
48 2 1
49 2 1
50 2 1
51 2 1
52 1 1
53 1 1
54 1 1
55 1 1
56 1 1
57 1 1
58 1 1
59 1 1
60 1 1
61 1 1
62 1 1
63 1 1
64 1 1
65 1 1
66 7 1
67 2 1
68 2 1
69 2 1
70 2 1
71 2 1
72 2 1
73 2 1
74 2 1
75 2 1
76 2 1
77 2 1
78 2 1
79 2 1
80 3 1
81 1 1
82 2 1
83 3 1
84 1 1
85 1 1
86 2 1
87 2 1
88 2 1
89 2 1
90 2 1
91 2 1
92 2 1
93 7 1
94 2 1
95 2 1
96 2 1
97 2 1
98 2 1
99 2 1
100 2 1
101 2 1
102 2 1
103 2 1
104 2 1
105 2 1
106 2 1
107 2 1
108 2 1
109 2 1
110 2 1
111 2 1
112 2 1
113 2 1
114 2 1
115 2 1
116 2 1
117 2 1
118 2 1
119 2 1
120 2 1
121 2 1
122 2 1
123 1 1
124 1 1
125 1 1
126 1 1
127 1 1
128 1 1
129 1 1
130 7 1
131 2 1
132 2 1
133 2 1
134 2 1
135 2 1
136 2 1
137 2 1
138 2 1
139 2 1
140 2 1
141 2 1
142 2 1
143 2 1
144 2 1
145 2 1
146 2 1
147 2 1
148 2 1
149 2 1
150 2 1
151 2 1
152 2 1
153 2 1
154 2 1
155 2 1
156 2 1
157 2 1
158 2 1
159 3 1
160 1 1
161 2 1
162 3 1
163 1 1
164 1 1
165 2 1
166 2 1
167 2 1
168 2 1
169 2 1
170 2 1
171 2 1
172 7 1
173 2 1
174 2 1
175 2 1
176 2 1
177 2 1
178 2 1
179 2 1
180 2 1
181 2 1
182 2 1
183 2 1
184 2 1
185 2 1
186 2 1
187 2 1
188 2 1
189 2 1
190 2 1
191 2 1
192 2 1
193 2 1
194 2 1
195 2 1
196 2 1
197 2 1
198 2 1
199 2 1
200 2 1
201 2 1
202 1 1
203 1 1
204 1 1
205 1 1
206 1 1
207 1 1
208 1 1
209 7 1
210 2 1
211 2 1
212 2 1
213 2 1
214 2 1
215 2 1
216 2 1
217 2 1
218 2 1
219 2 1
220 2 1
221 2 1
222 2 1
223 2 1
224 2 1
225 2 1
226 2 1
227 2 1
228 2 1
229 2 1
230 2 1
231 2 1
232 2 1
233 2 1
234 2 1
235 2 1
236 2 1
237 2 1
238 3 1
239 1 1
240 2 1
241 3 1
242 1 1
243 1 1
244 2 1
245 2 1
246 2 1
247 2 1
248 2 1
249 2 1
250 2 1
251 7 1
252 2 1
253 2 1
254 2 1
255 2 1
256 2 1
257 2 1
258 2 1
259 2 1
260 2 1
261 2 1
262 2 1
263 2 1
264 2 1
265 2 1
266 2 1
267 2 1
268 2 1
269 2 1
270 2 1
271 2 1
272 2 1
273 2 1
274 2 1
275 2 1
276 2 1
277 2 1
278 2 1
279 2 1
280 2 1
281 1 1
282 1 1
283 1 1
284 1 1
285 1 1
286 1 1
287 1 1
288 7 1
289 2 1
290 2 1
291 2 1
292 2 1
293 2 1
294 2 1
295 2 1
296 2 1
297 2 1
298 2 1
299 2 1
300 2 1
301 2 1
302 2 1
303 2 1
304 2 1
305 2 1
306 2 1
307 2 1
308 2 1
309 2 1
310 2 1
311 2 1
312 2 1
313 2 1
314 2 1
315 2 1
316 2 1
317 3 1
318 1 1
319 2 1
320 3 1
321 1 1
322 1 1
323 2 1
324 2 1
325 2 1
326 2 1
327 2 1
328 2 1
329 2 1
330 7 1
331 2 1
332 2 1
333 2 1
334 2 1
335 2 1
336 2 1
337 2 1
338 2 1
339 2 1
340 2 1
341 2 1
342 2 1
343 2 1
344 2 1
345 2 1
346 2 1
347 2 1
348 2 1
349 2 1
350 2 1
351 2 1
352 2 1
353 2 1
354 2 1
355 2 1
356 2 1
357 2 1
358 2 1
359 2 1
360 1 1
361 1 1
362 1 1
363 1 1
364 1 1
365 1 1
366 1 1
367 7 1
368 2 1
369 2 1
370 2 1
371 2 1
372 2 1
373 2 1
374 2 1
375 2 1
376 2 1
377 2 1
378 2 1
379 2 1
380 2 1
381 2 1
382 2 1
383 2 1
384 2 1
385 2 1
386 2 1
387 2 1
388 2 1
389 2 1
390 2 1
391 2 1
392 2 1
393 2 1
394 2 1
395 2 1
396 3 1
397 1 1
398 2 1
399 3 1
400 1 1
401 1 1
402 2 1
403 2 1
404 2 1
405 2 1
406 2 1
407 2 1
408 2 1
409 7 1
410 2 1
411 2 1
412 2 1
413 2 1
414 2 1
415 2 1
416 2 1
417 2 1
418 2 1
419 2 1
420 2 1
421 2 1
422 2 1
423 2 1
424 2 1
425 2 1
426 2 1
427 2 1
428 2 1
429 2 1
430 2 1
431 2 1
432 2 1
433 2 1
434 2 1
435 2 1
436 2 1
437 2 1
438 2 1
439 1 1
440 1 1
441 1 1
442 1 1
443 1 1
444 1 1
445 1 1
446 7 1
447 2 1
448 2 1
449 2 1
450 2 1
451 2 1
452 2 1
453 2 1
454 2 1
455 2 1
456 2 1
457 2 1
458 2 1
459 2 1
460 2 1
461 2 1
462 2 1
463 2 1
464 2 1
465 2 1
466 2 1
467 2 1
468 2 1
469 2 1
470 2 1
471 2 1
472 2 1
473 2 1
474 2 1
475 3 1
476 1 1
477 2 1
478 3 1
479 1 1
480 1 1
481 2 1
482 2 1
483 2 1
484 2 1
485 2 1
486 2 1
487 2 1
488 7 1
489 2 1
490 2 1
491 2 1
492 2 1
493 2 1
494 2 1
495 2 1
496 2 1
497 2 1
498 2 1
499 2 1
500 2 1
501 2 1
502 2 1
503 2 1
504 2 1
505 2 1
506 2 1
507 2 1
508 2 1
509 2 1
510 2 1
511 2 1
512 2 1
513 2 1
514 2 1
515 2 1
516 2 1
517 2 1
518 1 1
519 1 1
520 1 1
521 1 1
522 1 1
523 1 1
524 1 1
525 7 1
526 2 1
527 2 1
528 2 1
529 2 1
530 2 1
531 2 1
532 2 1
533 2 1
534 2 1
535 2 1
536 2 1
537 2 1
538 2 1
539 2 1
540 2 1
541 2 1
542 2 1
543 2 1
544 2 1
545 2 1
546 2 1
547 2 1
548 2 1
549 2 1
550 2 1
551 2 1
552 2 1
553 2 1
554 3 1
555 1 1
556 2 1
557 3 1
558 1 1
559 1 1
560 2 1
561 2 1
562 2 1
563 2 1
564 2 1
565 2 1
566 2 1
567 7 1
568 2 1
569 2 1
570 2 1
571 2 1
572 2 1
573 2 1
574 2 1
575 2 1
576 2 1
577 2 1
578 2 1
579 2 1
580 2 1
581 2 1
582 2 1
583 2 1
584 2 1
585 2 1
586 2 1
587 2 1
588 2 1
589 2 1
590 2 1
591 2 1
592 2 1
593 2 1
594 2 1
595 2 1
596 2 1
