%HyperDAG model of naive implementation of 5 iterations of kNN, starting from node number 21 (i.e. sparse vector with 1 entry).
%The probability for having a nonzero in any cell of matrix A is 0.20, and the main diagonal is set to 1.
569 594 1670
0 0
0 287
0 436
1 1
1 187
1 288
1 437
2 2
2 289
2 438
3 3
3 290
3 439
4 4
4 291
4 440
5 5
5 188
5 292
5 441
6 6
6 293
6 442
7 7
7 189
7 294
7 443
8 8
8 146
8 190
8 295
8 444
9 9
9 296
9 445
10 10
10 191
10 297
10 446
11 11
11 298
11 447
12 12
12 448
13 13
13 192
13 299
13 449
14 14
14 147
14 193
14 300
14 450
15 15
15 301
15 451
16 16
16 194
16 302
16 452
17 17
17 134
17 148
17 195
17 303
17 453
18 18
18 304
18 454
19 19
19 196
19 305
19 455
20 20
20 197
20 306
20 456
21 21
21 149
21 198
21 307
21 457
22 22
22 308
22 458
23 23
23 199
23 309
23 459
24 24
24 150
24 200
24 310
24 460
25 25
25 201
25 311
25 461
26 26
26 312
26 462
27 27
27 313
27 463
28 28
28 202
28 314
28 464
29 29
29 315
29 465
30 30
30 203
30 316
30 466
31 31
31 204
31 317
31 467
32 32
32 205
32 318
32 468
33 33
33 151
33 206
33 319
33 469
34 34
34 152
34 207
34 320
34 470
35 35
35 208
35 321
35 471
36 36
36 322
36 472
37 37
37 209
37 323
37 473
38 38
38 153
38 210
38 324
38 474
39 39
39 154
39 211
39 325
39 475
40 40
40 135
40 155
40 212
40 326
40 476
41 41
41 327
41 477
42 42
42 156
42 213
42 328
42 478
43 43
43 214
43 329
43 479
44 44
44 330
44 480
45 45
45 481
46 46
46 331
46 482
47 47
47 332
47 483
48 48
48 157
48 215
48 333
48 484
49 49
49 216
49 334
49 485
50 50
50 335
50 486
51 51
51 487
52 52
52 217
52 336
52 488
53 53
53 218
53 337
53 489
54 54
54 338
54 490
55 55
55 491
56 56
56 339
56 492
57 57
57 219
57 340
57 493
58 58
58 158
58 220
58 341
58 494
59 59
59 136
59 159
59 221
59 342
59 495
60 60
60 496
61 61
61 222
61 343
61 497
62 62
62 223
62 344
62 498
63 63
63 224
63 345
63 499
64 64
64 346
64 500
65 65
65 347
65 501
66 66
66 225
66 348
66 502
67 67
67 226
67 349
67 503
68 68
68 350
68 504
69 69
69 351
69 505
70 70
70 352
70 506
71 71
71 227
71 353
71 507
72 72
72 354
72 508
73 73
73 355
73 509
74 74
74 228
74 356
74 510
75 75
75 229
75 357
75 511
76 76
76 230
76 358
76 512
77 77
77 160
77 231
77 359
77 513
78 78
78 360
78 514
79 79
79 361
79 515
80 80
80 232
80 362
80 516
81 81
81 517
82 82
82 161
82 233
82 363
82 518
83 83
83 137
83 162
83 234
83 364
83 519
84 84
84 163
84 235
84 365
84 520
85 85
85 366
85 521
86 86
86 164
86 236
86 367
86 522
87 87
87 368
87 523
88 88
88 237
88 369
88 524
89 89
89 238
89 370
89 525
90 90
90 371
90 526
91 91
91 165
91 239
91 372
91 527
92 92
92 240
92 373
92 528
93 93
93 241
93 374
93 529
94 94
94 242
94 375
94 530
95 95
95 166
95 243
95 376
95 531
96 96
96 244
96 377
96 532
97 97
97 378
97 533
98 98
98 245
98 379
98 534
99 99
99 246
99 380
99 535
100 100
100 536
101 101
101 381
101 537
102 102
102 247
102 382
102 538
103 103
103 383
103 539
104 104
104 384
104 540
105 105
105 248
105 385
105 541
106 106
106 386
106 542
107 107
107 249
107 387
107 543
108 108
108 388
108 544
109 109
109 250
109 389
109 545
110 110
110 251
110 390
110 546
111 111
111 391
111 547
112 112
112 252
112 392
112 548
113 113
113 253
113 393
113 549
114 114
114 394
114 550
115 115
115 138
115 167
115 254
115 395
115 551
116 116
116 168
116 255
116 396
116 552
117 117
117 256
117 397
117 553
118 118
118 169
118 257
118 398
118 554
119 119
119 399
119 555
120 120
120 139
120 170
120 258
120 400
120 556
121 121
121 171
121 259
121 401
121 557
122 122
122 260
122 402
122 558
123 123
123 403
123 559
124 124
124 404
124 560
125 125
125 405
125 561
126 126
126 562
127 127
127 406
127 563
128 128
128 564
129 129
129 172
129 261
129 407
129 565
130 130
130 408
130 566
131 131
131 262
131 409
131 567
132 132
132 263
132 410
132 568
133 133
133 134
133 135
133 136
133 137
133 138
133 139
134 134
134 140
135 135
135 141
136 136
136 142
137 137
137 143
138 138
138 144
139 139
139 145
140 140
140 146
140 147
140 164
141 141
141 153
141 156
142 142
142 149
142 151
142 154
142 158
142 160
142 169
142 172
143 143
143 150
143 152
143 161
144 144
144 148
144 155
144 159
144 162
144 167
144 170
145 145
145 157
145 163
145 165
145 166
145 168
145 171
146 146
146 173
147 147
147 174
148 148
148 174
149 149
149 175
150 150
150 175
151 151
151 176
152 152
152 176
153 153
153 177
154 154
154 177
155 155
155 177
156 156
156 178
157 157
157 178
158 158
158 179
159 159
159 179
160 160
160 180
161 161
161 181
162 162
162 181
163 163
163 181
164 164
164 182
165 165
165 182
166 166
166 183
167 167
167 184
168 168
168 184
169 169
169 185
170 170
170 185
171 171
171 185
172 172
172 186
173 173
173 187
173 189
173 204
173 223
173 241
173 256
174 174
174 190
174 193
174 236
175 175
175 196
175 209
175 245
176 176
176 197
176 205
176 216
176 219
176 229
176 248
176 250
177 177
177 210
177 213
178 178
178 191
178 214
178 224
178 230
178 246
179 179
179 198
179 206
179 211
179 220
179 231
179 257
179 261
180 180
180 188
180 199
180 217
180 228
180 232
180 237
180 247
180 252
181 181
181 200
181 207
181 233
182 182
182 192
182 194
182 218
182 238
182 251
182 253
183 183
183 201
183 202
183 208
183 225
183 227
183 242
183 262
184 184
184 195
184 212
184 221
184 234
184 254
184 258
185 185
185 215
185 235
185 239
185 243
185 255
185 259
186 186
186 203
186 222
186 226
186 240
186 244
186 249
186 260
186 263
187 187
187 264
188 188
188 264
189 189
189 265
190 190
190 265
191 191
191 265
192 192
192 265
193 193
193 266
194 194
194 266
195 195
195 266
196 196
196 267
197 197
197 267
198 198
198 267
199 199
199 267
200 200
200 267
201 201
201 267
202 202
202 268
203 203
203 268
204 204
204 269
205 205
205 269
206 206
206 269
207 207
207 269
208 208
208 269
209 209
209 270
210 210
210 270
211 211
211 270
212 212
212 270
213 213
213 271
214 214
214 271
215 215
215 271
216 216
216 272
217 217
217 272
218 218
218 272
219 219
219 273
220 220
220 273
221 221
221 273
222 222
222 273
223 223
223 274
224 224
224 274
225 225
225 274
226 226
226 274
227 227
227 275
228 228
228 276
229 229
229 277
230 230
230 277
231 231
231 277
232 232
232 277
233 233
233 278
234 234
234 278
235 235
235 278
236 236
236 279
237 237
237 279
238 238
238 279
239 239
239 279
240 240
240 279
241 241
241 280
242 242
242 280
243 243
243 280
244 244
244 280
245 245
245 281
246 246
246 281
247 247
247 281
248 248
248 282
249 249
249 282
250 250
250 283
251 251
251 283
252 252
252 284
253 253
253 284
254 254
254 284
255 255
255 284
256 256
256 285
257 257
257 285
258 258
258 285
259 259
259 285
260 260
260 285
261 261
261 286
262 262
262 286
263 263
263 286
264 264
264 287
264 304
264 312
264 327
264 338
264 339
264 350
264 354
264 366
264 378
264 384
264 388
265 265
265 288
265 294
265 317
265 344
265 374
265 397
266 266
266 295
266 300
266 367
267 267
267 305
267 323
267 379
268 268
268 289
268 296
268 313
268 403
268 406
269 269
269 306
269 318
269 334
269 340
269 357
269 385
269 389
270 270
270 324
270 328
271 271
271 297
271 329
271 345
271 358
271 380
272 272
272 298
272 330
272 335
272 351
273 273
273 307
273 319
273 325
273 341
273 359
273 398
273 407
274 274
274 290
274 301
274 331
274 346
274 360
274 368
274 399
274 404
274 408
275 275
275 347
275 352
275 361
275 381
276 276
276 291
276 308
276 355
277 277
277 292
277 309
277 336
277 356
277 362
277 369
277 382
277 392
278 278
278 310
278 320
278 363
279 279
279 299
279 302
279 337
279 370
279 390
279 393
280 280
280 311
280 314
280 321
280 348
280 353
280 375
280 409
281 281
281 332
281 383
282 282
282 293
282 315
282 322
282 386
283 283
283 371
283 391
283 394
283 405
284 284
284 303
284 326
284 342
284 364
284 395
284 400
285 285
285 333
285 365
285 372
285 376
285 396
285 401
286 286
286 316
286 343
286 349
286 373
286 377
286 387
286 402
286 410
287 287
287 411
288 288
288 411
289 289
289 411
290 290
290 411
291 291
291 411
292 292
292 411
293 293
293 411
294 294
294 412
295 295
295 412
296 296
296 412
297 297
297 412
298 298
298 412
299 299
299 412
300 300
300 413
301 301
301 413
302 302
302 413
303 303
303 413
304 304
304 414
305 305
305 414
306 306
306 414
307 307
307 414
308 308
308 414
309 309
309 414
310 310
310 414
311 311
311 414
312 312
312 415
313 313
313 415
314 314
314 415
315 315
315 415
316 316
316 415
317 317
317 416
318 318
318 416
319 319
319 416
320 320
320 416
321 321
321 416
322 322
322 416
323 323
323 417
324 324
324 417
325 325
325 417
326 326
326 417
327 327
327 418
328 328
328 418
329 329
329 418
330 330
330 418
331 331
331 418
332 332
332 418
333 333
333 418
334 334
334 419
335 335
335 419
336 336
336 419
337 337
337 419
338 338
338 420
339 339
339 421
340 340
340 421
341 341
341 421
342 342
342 421
343 343
343 421
344 344
344 422
345 345
345 422
346 346
346 422
347 347
347 422
348 348
348 422
349 349
349 422
350 350
350 423
351 351
351 423
352 352
352 423
353 353
353 423
354 354
354 424
355 355
355 424
356 356
356 424
357 357
357 425
358 358
358 425
359 359
359 425
360 360
360 425
361 361
361 425
362 362
362 425
363 363
363 426
364 364
364 426
365 365
365 426
366 366
366 427
367 367
367 427
368 368
368 427
369 369
369 427
370 370
370 427
371 371
371 427
372 372
372 427
373 373
373 427
374 374
374 428
375 375
375 428
376 376
376 428
377 377
377 428
378 378
378 429
379 379
379 429
380 380
380 429
381 381
381 429
382 382
382 429
383 383
383 429
384 384
384 430
385 385
385 430
386 386
386 430
387 387
387 430
388 388
388 431
389 389
389 431
390 390
390 431
391 391
391 431
392 392
392 432
393 393
393 432
394 394
394 432
395 395
395 432
396 396
396 432
397 397
397 433
398 398
398 433
399 399
399 433
400 400
400 433
401 401
401 433
402 402
402 433
403 403
403 434
404 404
404 434
405 405
405 434
406 406
406 435
407 407
407 435
408 408
408 435
409 409
409 435
410 410
410 435
411 411
411 436
411 454
411 462
411 477
411 490
411 492
411 504
411 508
411 521
411 533
411 540
411 544
412 412
412 437
412 443
412 467
412 498
412 529
412 553
413 413
413 444
413 450
413 522
414 414
414 455
414 473
414 534
415 415
415 438
415 445
415 463
415 559
415 563
416 416
416 456
416 468
416 485
416 493
416 511
416 541
416 545
417 417
417 474
417 478
418 418
418 446
418 479
418 499
418 512
418 535
419 419
419 447
419 480
419 486
419 505
420 420
420 448
420 481
420 487
420 491
420 517
420 536
420 564
421 421
421 457
421 469
421 475
421 494
421 513
421 554
421 565
422 422
422 439
422 451
422 482
422 500
422 514
422 523
422 555
422 560
422 566
423 423
423 501
423 506
423 515
423 537
424 424
424 440
424 458
424 509
425 425
425 441
425 459
425 488
425 510
425 516
425 524
425 538
425 548
426 426
426 460
426 470
426 518
427 427
427 449
427 452
427 489
427 525
427 546
427 549
428 428
428 461
428 464
428 471
428 502
428 507
428 530
428 567
429 429
429 483
429 539
430 430
430 442
430 465
430 472
430 542
431 431
431 526
431 547
431 550
431 561
432 432
432 453
432 476
432 495
432 519
432 551
432 556
433 433
433 484
433 520
433 527
433 531
433 552
433 557
434 434
434 496
434 562
435 435
435 466
435 497
435 503
435 528
435 532
435 543
435 558
435 568
436 436
436 569
437 437
437 569
438 438
438 569
439 439
439 569
440 440
440 569
441 441
441 569
442 442
442 569
443 443
443 570
444 444
444 570
445 445
445 570
446 446
446 570
447 447
447 570
448 448
448 570
449 449
449 570
450 450
450 571
451 451
451 571
452 452
452 571
453 453
453 571
454 454
454 572
455 455
455 572
456 456
456 572
457 457
457 572
458 458
458 572
459 459
459 572
460 460
460 572
461 461
461 572
462 462
462 573
463 463
463 573
464 464
464 573
465 465
465 573
466 466
466 573
467 467
467 574
468 468
468 574
469 469
469 574
470 470
470 574
471 471
471 574
472 472
472 574
473 473
473 575
474 474
474 575
475 475
475 575
476 476
476 575
477 477
477 576
478 478
478 576
479 479
479 576
480 480
480 576
481 481
481 576
482 482
482 576
483 483
483 576
484 484
484 576
485 485
485 577
486 486
486 577
487 487
487 577
488 488
488 577
489 489
489 577
490 490
490 578
491 491
491 578
492 492
492 579
493 493
493 579
494 494
494 579
495 495
495 579
496 496
496 579
497 497
497 579
498 498
498 580
499 499
499 580
500 500
500 580
501 501
501 580
502 502
502 580
503 503
503 580
504 504
504 581
505 505
505 581
506 506
506 581
507 507
507 581
508 508
508 582
509 509
509 582
510 510
510 582
511 511
511 583
512 512
512 583
513 513
513 583
514 514
514 583
515 515
515 583
516 516
516 583
517 517
517 584
518 518
518 584
519 519
519 584
520 520
520 584
521 521
521 585
522 522
522 585
523 523
523 585
524 524
524 585
525 525
525 585
526 526
526 585
527 527
527 585
528 528
528 585
529 529
529 586
530 530
530 586
531 531
531 586
532 532
532 586
533 533
533 587
534 534
534 587
535 535
535 587
536 536
536 587
537 537
537 587
538 538
538 587
539 539
539 587
540 540
540 588
541 541
541 588
542 542
542 588
543 543
543 588
544 544
544 589
545 545
545 589
546 546
546 589
547 547
547 589
548 548
548 590
549 549
549 590
550 550
550 590
551 551
551 590
552 552
552 590
553 553
553 591
554 554
554 591
555 555
555 591
556 556
556 591
557 557
557 591
558 558
558 591
559 559
559 592
560 560
560 592
561 561
561 592
562 562
562 592
563 563
563 593
564 564
564 593
565 565
565 593
566 566
566 593
567 567
567 593
568 568
568 593
0 1 1
1 1 1
2 1 1
3 1 1
4 1 1
5 1 1
6 1 1
7 1 1
8 1 1
9 1 1
10 1 1
11 1 1
12 1 1
13 1 1
14 1 1
15 1 1
16 1 1
17 1 1
18 1 1
19 1 1
20 1 1
21 1 1
22 1 1
23 1 1
24 1 1
25 1 1
26 1 1
27 1 1
28 1 1
29 1 1
30 1 1
31 1 1
32 1 1
33 1 1
34 1 1
35 1 1
36 1 1
37 1 1
38 1 1
39 1 1
40 1 1
41 1 1
42 1 1
43 1 1
44 1 1
45 1 1
46 1 1
47 1 1
48 1 1
49 1 1
50 1 1
51 1 1
52 1 1
53 1 1
54 1 1
55 1 1
56 1 1
57 1 1
58 1 1
59 1 1
60 1 1
61 1 1
62 1 1
63 1 1
64 1 1
65 1 1
66 1 1
67 1 1
68 1 1
69 1 1
70 1 1
71 1 1
72 1 1
73 1 1
74 1 1
75 1 1
76 1 1
77 1 1
78 1 1
79 1 1
80 1 1
81 1 1
82 1 1
83 1 1
84 1 1
85 1 1
86 1 1
87 1 1
88 1 1
89 1 1
90 1 1
91 1 1
92 1 1
93 1 1
94 1 1
95 1 1
96 1 1
97 1 1
98 1 1
99 1 1
100 1 1
101 1 1
102 1 1
103 1 1
104 1 1
105 1 1
106 1 1
107 1 1
108 1 1
109 1 1
110 1 1
111 1 1
112 1 1
113 1 1
114 1 1
115 1 1
116 1 1
117 1 1
118 1 1
119 1 1
120 1 1
121 1 1
122 1 1
123 1 1
124 1 1
125 1 1
126 1 1
127 1 1
128 1 1
129 1 1
130 1 1
131 1 1
132 1 1
133 1 1
134 2 1
135 2 1
136 2 1
137 2 1
138 2 1
139 2 1
140 1 1
141 1 1
142 1 1
143 1 1
144 1 1
145 1 1
146 2 1
147 2 1
148 2 1
149 2 1
150 2 1
151 2 1
152 2 1
153 2 1
154 2 1
155 2 1
156 2 1
157 2 1
158 2 1
159 2 1
160 2 1
161 2 1
162 2 1
163 2 1
164 2 1
165 2 1
166 2 1
167 2 1
168 2 1
169 2 1
170 2 1
171 2 1
172 2 1
173 1 1
174 2 1
175 2 1
176 2 1
177 3 1
178 2 1
179 2 1
180 1 1
181 3 1
182 2 1
183 1 1
184 2 1
185 3 1
186 1 1
187 2 1
188 2 1
189 2 1
190 2 1
191 2 1
192 2 1
193 2 1
194 2 1
195 2 1
196 2 1
197 2 1
198 2 1
199 2 1
200 2 1
201 2 1
202 2 1
203 2 1
204 2 1
205 2 1
206 2 1
207 2 1
208 2 1
209 2 1
210 2 1
211 2 1
212 2 1
213 2 1
214 2 1
215 2 1
216 2 1
217 2 1
218 2 1
219 2 1
220 2 1
221 2 1
222 2 1
223 2 1
224 2 1
225 2 1
226 2 1
227 2 1
228 2 1
229 2 1
230 2 1
231 2 1
232 2 1
233 2 1
234 2 1
235 2 1
236 2 1
237 2 1
238 2 1
239 2 1
240 2 1
241 2 1
242 2 1
243 2 1
244 2 1
245 2 1
246 2 1
247 2 1
248 2 1
249 2 1
250 2 1
251 2 1
252 2 1
253 2 1
254 2 1
255 2 1
256 2 1
257 2 1
258 2 1
259 2 1
260 2 1
261 2 1
262 2 1
263 2 1
264 2 1
265 4 1
266 3 1
267 6 1
268 2 1
269 5 1
270 4 1
271 3 1
272 3 1
273 4 1
274 4 1
275 1 1
276 1 1
277 4 1
278 3 1
279 5 1
280 4 1
281 3 1
282 2 1
283 2 1
284 4 1
285 5 1
286 3 1
287 2 1
288 2 1
289 2 1
290 2 1
291 2 1
292 2 1
293 2 1
294 2 1
295 2 1
296 2 1
297 2 1
298 2 1
299 2 1
300 2 1
301 2 1
302 2 1
303 2 1
304 2 1
305 2 1
306 2 1
307 2 1
308 2 1
309 2 1
310 2 1
311 2 1
312 2 1
313 2 1
314 2 1
315 2 1
316 2 1
317 2 1
318 2 1
319 2 1
320 2 1
321 2 1
322 2 1
323 2 1
324 2 1
325 2 1
326 2 1
327 2 1
328 2 1
329 2 1
330 2 1
331 2 1
332 2 1
333 2 1
334 2 1
335 2 1
336 2 1
337 2 1
338 2 1
339 2 1
340 2 1
341 2 1
342 2 1
343 2 1
344 2 1
345 2 1
346 2 1
347 2 1
348 2 1
349 2 1
350 2 1
351 2 1
352 2 1
353 2 1
354 2 1
355 2 1
356 2 1
357 2 1
358 2 1
359 2 1
360 2 1
361 2 1
362 2 1
363 2 1
364 2 1
365 2 1
366 2 1
367 2 1
368 2 1
369 2 1
370 2 1
371 2 1
372 2 1
373 2 1
374 2 1
375 2 1
376 2 1
377 2 1
378 2 1
379 2 1
380 2 1
381 2 1
382 2 1
383 2 1
384 2 1
385 2 1
386 2 1
387 2 1
388 2 1
389 2 1
390 2 1
391 2 1
392 2 1
393 2 1
394 2 1
395 2 1
396 2 1
397 2 1
398 2 1
399 2 1
400 2 1
401 2 1
402 2 1
403 2 1
404 2 1
405 2 1
406 2 1
407 2 1
408 2 1
409 2 1
410 2 1
411 7 1
412 6 1
413 4 1
414 8 1
415 5 1
416 6 1
417 4 1
418 7 1
419 4 1
420 1 1
421 5 1
422 6 1
423 4 1
424 3 1
425 6 1
426 3 1
427 8 1
428 4 1
429 6 1
430 4 1
431 4 1
432 5 1
433 6 1
434 3 1
435 5 1
436 2 1
437 2 1
438 2 1
439 2 1
440 2 1
441 2 1
442 2 1
443 2 1
444 2 1
445 2 1
446 2 1
447 2 1
448 2 1
449 2 1
450 2 1
451 2 1
452 2 1
453 2 1
454 2 1
455 2 1
456 2 1
457 2 1
458 2 1
459 2 1
460 2 1
461 2 1
462 2 1
463 2 1
464 2 1
465 2 1
466 2 1
467 2 1
468 2 1
469 2 1
470 2 1
471 2 1
472 2 1
473 2 1
474 2 1
475 2 1
476 2 1
477 2 1
478 2 1
479 2 1
480 2 1
481 2 1
482 2 1
483 2 1
484 2 1
485 2 1
486 2 1
487 2 1
488 2 1
489 2 1
490 2 1
491 2 1
492 2 1
493 2 1
494 2 1
495 2 1
496 2 1
497 2 1
498 2 1
499 2 1
500 2 1
501 2 1
502 2 1
503 2 1
504 2 1
505 2 1
506 2 1
507 2 1
508 2 1
509 2 1
510 2 1
511 2 1
512 2 1
513 2 1
514 2 1
515 2 1
516 2 1
517 2 1
518 2 1
519 2 1
520 2 1
521 2 1
522 2 1
523 2 1
524 2 1
525 2 1
526 2 1
527 2 1
528 2 1
529 2 1
530 2 1
531 2 1
532 2 1
533 2 1
534 2 1
535 2 1
536 2 1
537 2 1
538 2 1
539 2 1
540 2 1
541 2 1
542 2 1
543 2 1
544 2 1
545 2 1
546 2 1
547 2 1
548 2 1
549 2 1
550 2 1
551 2 1
552 2 1
553 2 1
554 2 1
555 2 1
556 2 1
557 2 1
558 2 1
559 2 1
560 2 1
561 2 1
562 2 1
563 2 1
564 2 1
565 2 1
566 2 1
567 2 1
568 2 1
569 7 1
570 7 1
571 4 1
572 8 1
573 5 1
574 6 1
575 4 1
576 8 1
577 5 1
578 2 1
579 6 1
580 6 1
581 4 1
582 3 1
583 6 1
584 4 1
585 8 1
586 4 1
587 7 1
588 4 1
589 4 1
590 5 1
591 6 1
592 4 1
593 6 1
