%HyperDAG model of naive implementation of A^9 *v with sparse matrix A and dense vector v.
%The probability for having a nonzero in any cell of matrix A is 0.15
387 400 1140
0 0
0 48
0 91
0 129
0 167
0 205
0 243
0 281
0 319
0 357
1 1
1 49
1 92
1 130
1 168
1 206
1 244
1 282
1 320
1 358
2 2
2 50
3 3
3 51
3 93
3 131
3 169
3 207
3 245
3 283
3 321
3 359
4 4
4 52
4 94
4 132
4 170
4 208
4 246
4 284
4 322
4 360
5 5
5 53
5 95
5 133
5 171
5 209
5 247
5 285
5 323
5 361
6 6
6 54
7 7
7 55
7 96
7 134
7 172
7 210
7 248
7 286
7 324
7 362
8 8
8 56
8 97
8 135
8 173
8 211
8 249
8 287
8 325
8 363
9 9
9 57
9 98
9 136
9 174
9 212
9 250
9 288
9 326
9 364
10 10
10 58
10 99
10 137
10 175
10 213
10 251
10 289
10 327
10 365
11 11
11 59
11 100
11 138
11 176
11 214
11 252
11 290
11 328
11 366
12 12
12 367
13 13
13 60
13 101
13 139
13 177
13 215
13 253
13 291
13 329
13 368
14 14
14 61
14 102
14 140
14 178
14 216
14 254
14 292
14 330
14 369
15 15
15 62
15 103
15 141
15 179
15 217
15 255
15 293
15 331
15 370
16 16
16 63
16 104
16 142
16 180
16 218
16 256
16 294
16 332
16 371
17 17
17 64
17 105
17 143
17 181
17 219
17 257
17 295
17 333
17 372
18 18
18 65
18 106
18 144
18 182
18 220
18 258
18 296
18 334
18 373
19 19
19 66
19 107
19 145
19 183
19 221
19 259
19 297
19 335
19 374
20 20
20 67
20 108
20 146
20 184
20 222
20 260
20 298
20 336
20 375
21 21
21 68
21 109
21 147
21 185
21 223
21 261
21 299
21 337
21 376
22 22
22 377
23 23
23 378
24 24
24 69
24 110
24 148
24 186
24 224
24 262
24 300
24 338
24 379
25 25
25 70
25 111
25 149
25 187
25 225
25 263
25 301
25 339
25 380
26 26
26 71
27 27
27 72
27 112
27 150
27 188
27 226
27 264
27 302
27 340
27 381
28 28
28 73
29 29
29 74
29 113
29 151
29 189
29 227
29 265
29 303
29 341
29 382
30 30
30 75
30 114
30 152
30 190
30 228
30 266
30 304
30 342
30 383
31 31
31 76
31 115
31 153
31 191
31 229
31 267
31 305
31 343
31 384
32 32
32 77
32 116
32 154
32 192
32 230
32 268
32 306
32 344
32 385
33 33
33 78
33 117
33 155
33 193
33 231
33 269
33 307
33 345
33 386
34 34
34 79
35 35
35 48
35 55
36 36
36 56
36 60
36 69
37 37
37 57
37 77
38 38
38 49
38 52
38 70
38 72
38 74
39 39
39 78
40 40
40 61
40 66
41 41
41 67
42 42
42 58
42 62
42 68
43 43
43 53
43 63
43 75
44 44
44 64
45 45
45 50
45 54
45 71
45 79
46 46
46 51
46 59
46 65
46 76
47 47
47 73
48 48
48 80
49 49
49 80
50 50
50 80
51 51
51 80
52 52
52 81
53 53
53 81
54 54
54 81
55 55
55 82
56 56
56 82
57 57
57 82
58 58
58 82
59 59
59 83
60 60
60 84
61 61
61 84
62 62
62 84
63 63
63 84
64 64
64 84
65 65
65 84
66 66
66 85
67 67
67 86
68 68
68 86
69 69
69 87
70 70
70 87
71 71
71 87
72 72
72 88
73 73
73 88
74 74
74 89
75 75
75 89
76 76
76 89
77 77
77 90
78 78
78 90
79 79
79 90
80 80
80 91
80 96
81 81
81 97
81 101
81 110
82 82
82 98
82 116
83 83
83 92
83 94
83 111
83 112
83 113
84 84
84 117
85 85
85 102
85 107
86 86
86 108
87 87
87 99
87 103
87 109
88 88
88 95
88 104
88 114
89 89
89 105
90 90
90 93
90 100
90 106
90 115
91 91
91 118
92 92
92 118
93 93
93 118
94 94
94 119
95 95
95 119
96 96
96 120
97 97
97 120
98 98
98 120
99 99
99 120
100 100
100 121
101 101
101 122
102 102
102 122
103 103
103 122
104 104
104 122
105 105
105 122
106 106
106 122
107 107
107 123
108 108
108 124
109 109
109 124
110 110
110 125
111 111
111 125
112 112
112 126
113 113
113 127
114 114
114 127
115 115
115 127
116 116
116 128
117 117
117 128
118 118
118 129
118 134
119 119
119 135
119 139
119 148
120 120
120 136
120 154
121 121
121 130
121 132
121 149
121 150
121 151
122 122
122 155
123 123
123 140
123 145
124 124
124 146
125 125
125 137
125 141
125 147
126 126
126 133
126 142
126 152
127 127
127 143
128 128
128 131
128 138
128 144
128 153
129 129
129 156
130 130
130 156
131 131
131 156
132 132
132 157
133 133
133 157
134 134
134 158
135 135
135 158
136 136
136 158
137 137
137 158
138 138
138 159
139 139
139 160
140 140
140 160
141 141
141 160
142 142
142 160
143 143
143 160
144 144
144 160
145 145
145 161
146 146
146 162
147 147
147 162
148 148
148 163
149 149
149 163
150 150
150 164
151 151
151 165
152 152
152 165
153 153
153 165
154 154
154 166
155 155
155 166
156 156
156 167
156 172
157 157
157 173
157 177
157 186
158 158
158 174
158 192
159 159
159 168
159 170
159 187
159 188
159 189
160 160
160 193
161 161
161 178
161 183
162 162
162 184
163 163
163 175
163 179
163 185
164 164
164 171
164 180
164 190
165 165
165 181
166 166
166 169
166 176
166 182
166 191
167 167
167 194
168 168
168 194
169 169
169 194
170 170
170 195
171 171
171 195
172 172
172 196
173 173
173 196
174 174
174 196
175 175
175 196
176 176
176 197
177 177
177 198
178 178
178 198
179 179
179 198
180 180
180 198
181 181
181 198
182 182
182 198
183 183
183 199
184 184
184 200
185 185
185 200
186 186
186 201
187 187
187 201
188 188
188 202
189 189
189 203
190 190
190 203
191 191
191 203
192 192
192 204
193 193
193 204
194 194
194 205
194 210
195 195
195 211
195 215
195 224
196 196
196 212
196 230
197 197
197 206
197 208
197 225
197 226
197 227
198 198
198 231
199 199
199 216
199 221
200 200
200 222
201 201
201 213
201 217
201 223
202 202
202 209
202 218
202 228
203 203
203 219
204 204
204 207
204 214
204 220
204 229
205 205
205 232
206 206
206 232
207 207
207 232
208 208
208 233
209 209
209 233
210 210
210 234
211 211
211 234
212 212
212 234
213 213
213 234
214 214
214 235
215 215
215 236
216 216
216 236
217 217
217 236
218 218
218 236
219 219
219 236
220 220
220 236
221 221
221 237
222 222
222 238
223 223
223 238
224 224
224 239
225 225
225 239
226 226
226 240
227 227
227 241
228 228
228 241
229 229
229 241
230 230
230 242
231 231
231 242
232 232
232 243
232 248
233 233
233 249
233 253
233 262
234 234
234 250
234 268
235 235
235 244
235 246
235 263
235 264
235 265
236 236
236 269
237 237
237 254
237 259
238 238
238 260
239 239
239 251
239 255
239 261
240 240
240 247
240 256
240 266
241 241
241 257
242 242
242 245
242 252
242 258
242 267
243 243
243 270
244 244
244 270
245 245
245 270
246 246
246 271
247 247
247 271
248 248
248 272
249 249
249 272
250 250
250 272
251 251
251 272
252 252
252 273
253 253
253 274
254 254
254 274
255 255
255 274
256 256
256 274
257 257
257 274
258 258
258 274
259 259
259 275
260 260
260 276
261 261
261 276
262 262
262 277
263 263
263 277
264 264
264 278
265 265
265 279
266 266
266 279
267 267
267 279
268 268
268 280
269 269
269 280
270 270
270 281
270 286
271 271
271 287
271 291
271 300
272 272
272 288
272 306
273 273
273 282
273 284
273 301
273 302
273 303
274 274
274 307
275 275
275 292
275 297
276 276
276 298
277 277
277 289
277 293
277 299
278 278
278 285
278 294
278 304
279 279
279 295
280 280
280 283
280 290
280 296
280 305
281 281
281 308
282 282
282 308
283 283
283 308
284 284
284 309
285 285
285 309
286 286
286 310
287 287
287 310
288 288
288 310
289 289
289 310
290 290
290 311
291 291
291 312
292 292
292 312
293 293
293 312
294 294
294 312
295 295
295 312
296 296
296 312
297 297
297 313
298 298
298 314
299 299
299 314
300 300
300 315
301 301
301 315
302 302
302 316
303 303
303 317
304 304
304 317
305 305
305 317
306 306
306 318
307 307
307 318
308 308
308 319
308 324
309 309
309 325
309 329
309 338
310 310
310 326
310 344
311 311
311 320
311 322
311 339
311 340
311 341
312 312
312 345
313 313
313 330
313 335
314 314
314 336
315 315
315 327
315 331
315 337
316 316
316 323
316 332
316 342
317 317
317 333
318 318
318 321
318 328
318 334
318 343
319 319
319 346
320 320
320 346
321 321
321 346
322 322
322 347
323 323
323 347
324 324
324 348
325 325
325 348
326 326
326 348
327 327
327 348
328 328
328 349
329 329
329 350
330 330
330 350
331 331
331 350
332 332
332 350
333 333
333 350
334 334
334 350
335 335
335 351
336 336
336 352
337 337
337 352
338 338
338 353
339 339
339 353
340 340
340 354
341 341
341 355
342 342
342 355
343 343
343 355
344 344
344 356
345 345
345 356
346 346
346 357
346 362
347 347
347 363
347 368
347 377
347 379
348 348
348 364
348 385
349 349
349 358
349 360
349 367
349 380
349 381
349 382
350 350
350 386
351 351
351 369
351 374
352 352
352 375
353 353
353 365
353 370
353 376
353 378
354 354
354 361
354 371
354 383
355 355
355 372
356 356
356 359
356 366
356 373
356 384
357 357
357 387
358 358
358 387
359 359
359 387
360 360
360 388
361 361
361 388
362 362
362 389
363 363
363 389
364 364
364 389
365 365
365 389
366 366
366 390
367 367
367 391
368 368
368 392
369 369
369 392
370 370
370 392
371 371
371 392
372 372
372 392
373 373
373 392
374 374
374 393
375 375
375 394
376 376
376 394
377 377
377 395
378 378
378 395
379 379
379 396
380 380
380 396
381 381
381 397
382 382
382 398
383 383
383 398
384 384
384 398
385 385
385 399
386 386
386 399
0 1 1
1 1 1
2 1 1
3 1 1
4 1 1
5 1 1
6 1 1
7 1 1
8 1 1
9 1 1
10 1 1
11 1 1
12 1 1
13 1 1
14 1 1
15 1 1
16 1 1
17 1 1
18 1 1
19 1 1
20 1 1
21 1 1
22 1 1
23 1 1
24 1 1
25 1 1
26 1 1
27 1 1
28 1 1
29 1 1
30 1 1
31 1 1
32 1 1
33 1 1
34 1 1
35 1 1
36 1 1
37 1 1
38 1 1
39 1 1
40 1 1
41 1 1
42 1 1
43 1 1
44 1 1
45 1 1
46 1 1
47 1 1
48 2 1
49 2 1
50 2 1
51 2 1
52 2 1
53 2 1
54 2 1
55 2 1
56 2 1
57 2 1
58 2 1
59 2 1
60 2 1
61 2 1
62 2 1
63 2 1
64 2 1
65 2 1
66 2 1
67 2 1
68 2 1
69 2 1
70 2 1
71 2 1
72 2 1
73 2 1
74 2 1
75 2 1
76 2 1
77 2 1
78 2 1
79 2 1
80 4 1
81 3 1
82 4 1
83 1 1
84 6 1
85 1 1
86 2 1
87 3 1
88 2 1
89 3 1
90 3 1
91 2 1
92 2 1
93 2 1
94 2 1
95 2 1
96 2 1
97 2 1
98 2 1
99 2 1
100 2 1
101 2 1
102 2 1
103 2 1
104 2 1
105 2 1
106 2 1
107 2 1
108 2 1
109 2 1
110 2 1
111 2 1
112 2 1
113 2 1
114 2 1
115 2 1
116 2 1
117 2 1
118 3 1
119 2 1
120 4 1
121 1 1
122 6 1
123 1 1
124 2 1
125 2 1
126 1 1
127 3 1
128 2 1
129 2 1
130 2 1
131 2 1
132 2 1
133 2 1
134 2 1
135 2 1
136 2 1
137 2 1
138 2 1
139 2 1
140 2 1
141 2 1
142 2 1
143 2 1
144 2 1
145 2 1
146 2 1
147 2 1
148 2 1
149 2 1
150 2 1
151 2 1
152 2 1
153 2 1
154 2 1
155 2 1
156 3 1
157 2 1
158 4 1
159 1 1
160 6 1
161 1 1
162 2 1
163 2 1
164 1 1
165 3 1
166 2 1
167 2 1
168 2 1
169 2 1
170 2 1
171 2 1
172 2 1
173 2 1
174 2 1
175 2 1
176 2 1
177 2 1
178 2 1
179 2 1
180 2 1
181 2 1
182 2 1
183 2 1
184 2 1
185 2 1
186 2 1
187 2 1
188 2 1
189 2 1
190 2 1
191 2 1
192 2 1
193 2 1
194 3 1
195 2 1
196 4 1
197 1 1
198 6 1
199 1 1
200 2 1
201 2 1
202 1 1
203 3 1
204 2 1
205 2 1
206 2 1
207 2 1
208 2 1
209 2 1
210 2 1
211 2 1
212 2 1
213 2 1
214 2 1
215 2 1
216 2 1
217 2 1
218 2 1
219 2 1
220 2 1
221 2 1
222 2 1
223 2 1
224 2 1
225 2 1
226 2 1
227 2 1
228 2 1
229 2 1
230 2 1
231 2 1
232 3 1
233 2 1
234 4 1
235 1 1
236 6 1
237 1 1
238 2 1
239 2 1
240 1 1
241 3 1
242 2 1
243 2 1
244 2 1
245 2 1
246 2 1
247 2 1
248 2 1
249 2 1
250 2 1
251 2 1
252 2 1
253 2 1
254 2 1
255 2 1
256 2 1
257 2 1
258 2 1
259 2 1
260 2 1
261 2 1
262 2 1
263 2 1
264 2 1
265 2 1
266 2 1
267 2 1
268 2 1
269 2 1
270 3 1
271 2 1
272 4 1
273 1 1
274 6 1
275 1 1
276 2 1
277 2 1
278 1 1
279 3 1
280 2 1
281 2 1
282 2 1
283 2 1
284 2 1
285 2 1
286 2 1
287 2 1
288 2 1
289 2 1
290 2 1
291 2 1
292 2 1
293 2 1
294 2 1
295 2 1
296 2 1
297 2 1
298 2 1
299 2 1
300 2 1
301 2 1
302 2 1
303 2 1
304 2 1
305 2 1
306 2 1
307 2 1
308 3 1
309 2 1
310 4 1
311 1 1
312 6 1
313 1 1
314 2 1
315 2 1
316 1 1
317 3 1
318 2 1
319 2 1
320 2 1
321 2 1
322 2 1
323 2 1
324 2 1
325 2 1
326 2 1
327 2 1
328 2 1
329 2 1
330 2 1
331 2 1
332 2 1
333 2 1
334 2 1
335 2 1
336 2 1
337 2 1
338 2 1
339 2 1
340 2 1
341 2 1
342 2 1
343 2 1
344 2 1
345 2 1
346 3 1
347 2 1
348 4 1
349 1 1
350 6 1
351 1 1
352 2 1
353 2 1
354 1 1
355 3 1
356 2 1
357 2 1
358 2 1
359 2 1
360 2 1
361 2 1
362 2 1
363 2 1
364 2 1
365 2 1
366 2 1
367 2 1
368 2 1
369 2 1
370 2 1
371 2 1
372 2 1
373 2 1
374 2 1
375 2 1
376 2 1
377 2 1
378 2 1
379 2 1
380 2 1
381 2 1
382 2 1
383 2 1
384 2 1
385 2 1
386 2 1
387 3 1
388 2 1
389 4 1
390 1 1
391 1 1
392 6 1
393 1 1
394 2 1
395 2 1
396 2 1
397 1 1
398 3 1
399 2 1
