%HyperDAG model of SpMV operation.
%The probability for having a nonzero in any cell of matrix A is 0.15
504 544 1200
0 0
0 41
0 111
0 115
0 181
0 189
0 249
0 353
0 423
0 445
1 1
1 71
1 87
1 171
1 251
1 395
1 465
2 2
2 267
2 315
2 355
2 397
2 425
2 435
3 3
3 43
3 159
3 205
4 4
4 73
4 101
4 455
5 5
5 75
5 117
5 141
5 183
5 191
5 253
5 399
5 485
6 6
6 77
6 173
6 255
6 289
6 323
6 333
6 401
6 411
7 7
7 113
7 131
7 161
7 403
7 467
8 8
8 79
8 103
8 133
8 215
8 233
8 269
8 291
8 303
8 335
8 367
8 487
9 9
9 89
9 151
9 163
9 193
9 281
10 10
10 295
10 413
10 427
10 469
11 11
11 229
11 271
11 337
11 357
11 377
12 12
12 45
12 207
12 305
12 317
12 457
13 13
13 47
13 283
13 359
13 405
14 14
14 91
14 217
14 219
14 257
15 15
15 105
15 307
15 429
15 447
15 471
16 16
16 81
16 93
16 135
16 175
16 185
16 273
16 297
16 325
16 383
17 17
17 369
17 437
18 18
18 49
18 63
18 95
18 107
18 195
18 259
18 371
18 489
19 19
19 197
19 385
19 407
19 431
19 473
20 20
20 119
20 153
20 209
21 21
21 143
21 177
21 221
21 235
21 299
21 339
21 415
21 439
21 491
22 22
22 121
22 237
22 327
22 361
22 373
22 449
22 493
23 23
23 65
23 123
23 145
23 275
23 329
23 387
23 475
23 495
24 24
24 137
24 155
24 239
24 285
24 331
25 25
25 51
25 125
25 211
25 309
25 341
26 26
26 157
26 213
26 293
26 409
26 441
26 451
27 27
27 53
27 97
27 147
27 311
27 343
27 417
27 497
28 28
28 149
28 223
28 261
28 319
28 345
28 433
28 477
29 29
29 165
29 199
29 225
29 241
29 313
29 375
29 379
29 499
30 30
30 55
30 227
30 287
30 419
30 459
30 479
30 501
31 31
31 57
31 127
31 201
31 461
32 32
32 59
32 67
32 83
32 139
32 167
33 33
33 99
33 243
33 277
33 347
33 363
33 481
33 503
34 34
34 85
34 263
34 453
35 35
35 129
35 231
35 265
35 321
35 365
35 389
35 483
36 36
36 69
36 203
36 349
36 381
36 463
37 37
37 109
37 279
37 443
38 38
38 187
38 245
38 391
38 421
39 39
39 61
39 169
39 179
39 247
39 301
39 351
39 393
40 40
40 41
41 41
41 504
42 42
42 43
43 43
43 504
44 44
44 45
45 45
45 504
46 46
46 47
47 47
47 504
48 48
48 49
49 49
49 504
50 50
50 51
51 51
51 504
52 52
52 53
53 53
53 504
54 54
54 55
55 55
55 504
56 56
56 57
57 57
57 504
58 58
58 59
59 59
59 504
60 60
60 61
61 61
61 504
62 62
62 63
63 63
63 505
64 64
64 65
65 65
65 505
66 66
66 67
67 67
67 505
68 68
68 69
69 69
69 505
70 70
70 71
71 71
71 506
72 72
72 73
73 73
73 506
74 74
74 75
75 75
75 506
76 76
76 77
77 77
77 506
78 78
78 79
79 79
79 506
80 80
80 81
81 81
81 506
82 82
82 83
83 83
83 506
84 84
84 85
85 85
85 506
86 86
86 87
87 87
87 507
88 88
88 89
89 89
89 507
90 90
90 91
91 91
91 507
92 92
92 93
93 93
93 507
94 94
94 95
95 95
95 507
96 96
96 97
97 97
97 507
98 98
98 99
99 99
99 507
100 100
100 101
101 101
101 508
102 102
102 103
103 103
103 508
104 104
104 105
105 105
105 508
106 106
106 107
107 107
107 508
108 108
108 109
109 109
109 508
110 110
110 111
111 111
111 509
112 112
112 113
113 113
113 509
114 114
114 115
115 115
115 510
116 116
116 117
117 117
117 510
118 118
118 119
119 119
119 510
120 120
120 121
121 121
121 510
122 122
122 123
123 123
123 510
124 124
124 125
125 125
125 510
126 126
126 127
127 127
127 510
128 128
128 129
129 129
129 510
130 130
130 131
131 131
131 511
132 132
132 133
133 133
133 511
134 134
134 135
135 135
135 511
136 136
136 137
137 137
137 511
138 138
138 139
139 139
139 511
140 140
140 141
141 141
141 512
142 142
142 143
143 143
143 512
144 144
144 145
145 145
145 512
146 146
146 147
147 147
147 512
148 148
148 149
149 149
149 512
150 150
150 151
151 151
151 513
152 152
152 153
153 153
153 513
154 154
154 155
155 155
155 513
156 156
156 157
157 157
157 513
158 158
158 159
159 159
159 514
160 160
160 161
161 161
161 514
162 162
162 163
163 163
163 514
164 164
164 165
165 165
165 514
166 166
166 167
167 167
167 514
168 168
168 169
169 169
169 514
170 170
170 171
171 171
171 515
172 172
172 173
173 173
173 515
174 174
174 175
175 175
175 515
176 176
176 177
177 177
177 515
178 178
178 179
179 179
179 515
180 180
180 181
181 181
181 516
182 182
182 183
183 183
183 516
184 184
184 185
185 185
185 516
186 186
186 187
187 187
187 516
188 188
188 189
189 189
189 517
190 190
190 191
191 191
191 517
192 192
192 193
193 193
193 517
194 194
194 195
195 195
195 517
196 196
196 197
197 197
197 517
198 198
198 199
199 199
199 517
200 200
200 201
201 201
201 517
202 202
202 203
203 203
203 517
204 204
204 205
205 205
205 518
206 206
206 207
207 207
207 518
208 208
208 209
209 209
209 518
210 210
210 211
211 211
211 518
212 212
212 213
213 213
213 518
214 214
214 215
215 215
215 519
216 216
216 217
217 217
217 519
218 218
218 219
219 219
219 520
220 220
220 221
221 221
221 520
222 222
222 223
223 223
223 520
224 224
224 225
225 225
225 520
226 226
226 227
227 227
227 520
228 228
228 229
229 229
229 521
230 230
230 231
231 231
231 521
232 232
232 233
233 233
233 522
234 234
234 235
235 235
235 522
236 236
236 237
237 237
237 522
238 238
238 239
239 239
239 522
240 240
240 241
241 241
241 522
242 242
242 243
243 243
243 522
244 244
244 245
245 245
245 522
246 246
246 247
247 247
247 522
248 248
248 249
249 249
249 523
250 250
250 251
251 251
251 523
252 252
252 253
253 253
253 523
254 254
254 255
255 255
255 523
256 256
256 257
257 257
257 523
258 258
258 259
259 259
259 523
260 260
260 261
261 261
261 523
262 262
262 263
263 263
263 523
264 264
264 265
265 265
265 523
266 266
266 267
267 267
267 524
268 268
268 269
269 269
269 524
270 270
270 271
271 271
271 524
272 272
272 273
273 273
273 524
274 274
274 275
275 275
275 524
276 276
276 277
277 277
277 524
278 278
278 279
279 279
279 524
280 280
280 281
281 281
281 525
282 282
282 283
283 283
283 525
284 284
284 285
285 285
285 525
286 286
286 287
287 287
287 525
288 288
288 289
289 289
289 526
290 290
290 291
291 291
291 526
292 292
292 293
293 293
293 526
294 294
294 295
295 295
295 527
296 296
296 297
297 297
297 527
298 298
298 299
299 299
299 527
300 300
300 301
301 301
301 527
302 302
302 303
303 303
303 528
304 304
304 305
305 305
305 528
306 306
306 307
307 307
307 528
308 308
308 309
309 309
309 528
310 310
310 311
311 311
311 528
312 312
312 313
313 313
313 528
314 314
314 315
315 315
315 529
316 316
316 317
317 317
317 529
318 318
318 319
319 319
319 529
320 320
320 321
321 321
321 529
322 322
322 323
323 323
323 530
324 324
324 325
325 325
325 530
326 326
326 327
327 327
327 530
328 328
328 329
329 329
329 530
330 330
330 331
331 331
331 530
332 332
332 333
333 333
333 531
334 334
334 335
335 335
335 531
336 336
336 337
337 337
337 531
338 338
338 339
339 339
339 531
340 340
340 341
341 341
341 531
342 342
342 343
343 343
343 531
344 344
344 345
345 345
345 531
346 346
346 347
347 347
347 531
348 348
348 349
349 349
349 531
350 350
350 351
351 351
351 531
352 352
352 353
353 353
353 532
354 354
354 355
355 355
355 532
356 356
356 357
357 357
357 532
358 358
358 359
359 359
359 532
360 360
360 361
361 361
361 532
362 362
362 363
363 363
363 532
364 364
364 365
365 365
365 532
366 366
366 367
367 367
367 533
368 368
368 369
369 369
369 533
370 370
370 371
371 371
371 533
372 372
372 373
373 373
373 533
374 374
374 375
375 375
375 533
376 376
376 377
377 377
377 534
378 378
378 379
379 379
379 534
380 380
380 381
381 381
381 534
382 382
382 383
383 383
383 535
384 384
384 385
385 385
385 535
386 386
386 387
387 387
387 535
388 388
388 389
389 389
389 535
390 390
390 391
391 391
391 535
392 392
392 393
393 393
393 535
394 394
394 395
395 395
395 536
396 396
396 397
397 397
397 536
398 398
398 399
399 399
399 536
400 400
400 401
401 401
401 536
402 402
402 403
403 403
403 536
404 404
404 405
405 405
405 536
406 406
406 407
407 407
407 536
408 408
408 409
409 409
409 536
410 410
410 411
411 411
411 537
412 412
412 413
413 413
413 537
414 414
414 415
415 415
415 537
416 416
416 417
417 417
417 537
418 418
418 419
419 419
419 537
420 420
420 421
421 421
421 537
422 422
422 423
423 423
423 538
424 424
424 425
425 425
425 538
426 426
426 427
427 427
427 538
428 428
428 429
429 429
429 538
430 430
430 431
431 431
431 538
432 432
432 433
433 433
433 538
434 434
434 435
435 435
435 539
436 436
436 437
437 437
437 539
438 438
438 439
439 439
439 539
440 440
440 441
441 441
441 539
442 442
442 443
443 443
443 539
444 444
444 445
445 445
445 540
446 446
446 447
447 447
447 540
448 448
448 449
449 449
449 540
450 450
450 451
451 451
451 540
452 452
452 453
453 453
453 540
454 454
454 455
455 455
455 541
456 456
456 457
457 457
457 541
458 458
458 459
459 459
459 541
460 460
460 461
461 461
461 541
462 462
462 463
463 463
463 541
464 464
464 465
465 465
465 542
466 466
466 467
467 467
467 542
468 468
468 469
469 469
469 542
470 470
470 471
471 471
471 542
472 472
472 473
473 473
473 542
474 474
474 475
475 475
475 542
476 476
476 477
477 477
477 542
478 478
478 479
479 479
479 542
480 480
480 481
481 481
481 542
482 482
482 483
483 483
483 542
484 484
484 485
485 485
485 543
486 486
486 487
487 487
487 543
488 488
488 489
489 489
489 543
490 490
490 491
491 491
491 543
492 492
492 493
493 493
493 543
494 494
494 495
495 495
495 543
496 496
496 497
497 497
497 543
498 498
498 499
499 499
499 543
500 500
500 501
501 501
501 543
502 502
502 503
503 503
503 543
0 1 1
1 1 1
2 1 1
3 1 1
4 1 1
5 1 1
6 1 1
7 1 1
8 1 1
9 1 1
10 1 1
11 1 1
12 1 1
13 1 1
14 1 1
15 1 1
16 1 1
17 1 1
18 1 1
19 1 1
20 1 1
21 1 1
22 1 1
23 1 1
24 1 1
25 1 1
26 1 1
27 1 1
28 1 1
29 1 1
30 1 1
31 1 1
32 1 1
33 1 1
34 1 1
35 1 1
36 1 1
37 1 1
38 1 1
39 1 1
40 1 1
41 2 1
42 1 1
43 2 1
44 1 1
45 2 1
46 1 1
47 2 1
48 1 1
49 2 1
50 1 1
51 2 1
52 1 1
53 2 1
54 1 1
55 2 1
56 1 1
57 2 1
58 1 1
59 2 1
60 1 1
61 2 1
62 1 1
63 2 1
64 1 1
65 2 1
66 1 1
67 2 1
68 1 1
69 2 1
70 1 1
71 2 1
72 1 1
73 2 1
74 1 1
75 2 1
76 1 1
77 2 1
78 1 1
79 2 1
80 1 1
81 2 1
82 1 1
83 2 1
84 1 1
85 2 1
86 1 1
87 2 1
88 1 1
89 2 1
90 1 1
91 2 1
92 1 1
93 2 1
94 1 1
95 2 1
96 1 1
97 2 1
98 1 1
99 2 1
100 1 1
101 2 1
102 1 1
103 2 1
104 1 1
105 2 1
106 1 1
107 2 1
108 1 1
109 2 1
110 1 1
111 2 1
112 1 1
113 2 1
114 1 1
115 2 1
116 1 1
117 2 1
118 1 1
119 2 1
120 1 1
121 2 1
122 1 1
123 2 1
124 1 1
125 2 1
126 1 1
127 2 1
128 1 1
129 2 1
130 1 1
131 2 1
132 1 1
133 2 1
134 1 1
135 2 1
136 1 1
137 2 1
138 1 1
139 2 1
140 1 1
141 2 1
142 1 1
143 2 1
144 1 1
145 2 1
146 1 1
147 2 1
148 1 1
149 2 1
150 1 1
151 2 1
152 1 1
153 2 1
154 1 1
155 2 1
156 1 1
157 2 1
158 1 1
159 2 1
160 1 1
161 2 1
162 1 1
163 2 1
164 1 1
165 2 1
166 1 1
167 2 1
168 1 1
169 2 1
170 1 1
171 2 1
172 1 1
173 2 1
174 1 1
175 2 1
176 1 1
177 2 1
178 1 1
179 2 1
180 1 1
181 2 1
182 1 1
183 2 1
184 1 1
185 2 1
186 1 1
187 2 1
188 1 1
189 2 1
190 1 1
191 2 1
192 1 1
193 2 1
194 1 1
195 2 1
196 1 1
197 2 1
198 1 1
199 2 1
200 1 1
201 2 1
202 1 1
203 2 1
204 1 1
205 2 1
206 1 1
207 2 1
208 1 1
209 2 1
210 1 1
211 2 1
212 1 1
213 2 1
214 1 1
215 2 1
216 1 1
217 2 1
218 1 1
219 2 1
220 1 1
221 2 1
222 1 1
223 2 1
224 1 1
225 2 1
226 1 1
227 2 1
228 1 1
229 2 1
230 1 1
231 2 1
232 1 1
233 2 1
234 1 1
235 2 1
236 1 1
237 2 1
238 1 1
239 2 1
240 1 1
241 2 1
242 1 1
243 2 1
244 1 1
245 2 1
246 1 1
247 2 1
248 1 1
249 2 1
250 1 1
251 2 1
252 1 1
253 2 1
254 1 1
255 2 1
256 1 1
257 2 1
258 1 1
259 2 1
260 1 1
261 2 1
262 1 1
263 2 1
264 1 1
265 2 1
266 1 1
267 2 1
268 1 1
269 2 1
270 1 1
271 2 1
272 1 1
273 2 1
274 1 1
275 2 1
276 1 1
277 2 1
278 1 1
279 2 1
280 1 1
281 2 1
282 1 1
283 2 1
284 1 1
285 2 1
286 1 1
287 2 1
288 1 1
289 2 1
290 1 1
291 2 1
292 1 1
293 2 1
294 1 1
295 2 1
296 1 1
297 2 1
298 1 1
299 2 1
300 1 1
301 2 1
302 1 1
303 2 1
304 1 1
305 2 1
306 1 1
307 2 1
308 1 1
309 2 1
310 1 1
311 2 1
312 1 1
313 2 1
314 1 1
315 2 1
316 1 1
317 2 1
318 1 1
319 2 1
320 1 1
321 2 1
322 1 1
323 2 1
324 1 1
325 2 1
326 1 1
327 2 1
328 1 1
329 2 1
330 1 1
331 2 1
332 1 1
333 2 1
334 1 1
335 2 1
336 1 1
337 2 1
338 1 1
339 2 1
340 1 1
341 2 1
342 1 1
343 2 1
344 1 1
345 2 1
346 1 1
347 2 1
348 1 1
349 2 1
350 1 1
351 2 1
352 1 1
353 2 1
354 1 1
355 2 1
356 1 1
357 2 1
358 1 1
359 2 1
360 1 1
361 2 1
362 1 1
363 2 1
364 1 1
365 2 1
366 1 1
367 2 1
368 1 1
369 2 1
370 1 1
371 2 1
372 1 1
373 2 1
374 1 1
375 2 1
376 1 1
377 2 1
378 1 1
379 2 1
380 1 1
381 2 1
382 1 1
383 2 1
384 1 1
385 2 1
386 1 1
387 2 1
388 1 1
389 2 1
390 1 1
391 2 1
392 1 1
393 2 1
394 1 1
395 2 1
396 1 1
397 2 1
398 1 1
399 2 1
400 1 1
401 2 1
402 1 1
403 2 1
404 1 1
405 2 1
406 1 1
407 2 1
408 1 1
409 2 1
410 1 1
411 2 1
412 1 1
413 2 1
414 1 1
415 2 1
416 1 1
417 2 1
418 1 1
419 2 1
420 1 1
421 2 1
422 1 1
423 2 1
424 1 1
425 2 1
426 1 1
427 2 1
428 1 1
429 2 1
430 1 1
431 2 1
432 1 1
433 2 1
434 1 1
435 2 1
436 1 1
437 2 1
438 1 1
439 2 1
440 1 1
441 2 1
442 1 1
443 2 1
444 1 1
445 2 1
446 1 1
447 2 1
448 1 1
449 2 1
450 1 1
451 2 1
452 1 1
453 2 1
454 1 1
455 2 1
456 1 1
457 2 1
458 1 1
459 2 1
460 1 1
461 2 1
462 1 1
463 2 1
464 1 1
465 2 1
466 1 1
467 2 1
468 1 1
469 2 1
470 1 1
471 2 1
472 1 1
473 2 1
474 1 1
475 2 1
476 1 1
477 2 1
478 1 1
479 2 1
480 1 1
481 2 1
482 1 1
483 2 1
484 1 1
485 2 1
486 1 1
487 2 1
488 1 1
489 2 1
490 1 1
491 2 1
492 1 1
493 2 1
494 1 1
495 2 1
496 1 1
497 2 1
498 1 1
499 2 1
500 1 1
501 2 1
502 1 1
503 2 1
504 11 1
505 4 1
506 8 1
507 7 1
508 5 1
509 2 1
510 8 1
511 5 1
512 5 1
513 4 1
514 6 1
515 5 1
516 4 1
517 8 1
518 5 1
519 2 1
520 5 1
521 2 1
522 8 1
523 9 1
524 7 1
525 4 1
526 3 1
527 4 1
528 6 1
529 4 1
530 5 1
531 10 1
532 7 1
533 5 1
534 3 1
535 6 1
536 8 1
537 6 1
538 6 1
539 5 1
540 5 1
541 5 1
542 10 1
543 10 1
