%HyperDAG model of naive implementation of 7 iterations of kNN, starting from node number 16 (i.e. sparse vector with 1 entry).
%The probability for having a nonzero in any cell of matrix A is 0.15, and the main diagonal is set to 1.
512 531 1559
0 0
0 109
0 174
0 258
0 349
0 440
1 1
1 110
1 175
1 259
1 350
1 441
2 2
2 111
2 176
2 260
2 351
2 442
3 3
3 81
3 112
3 177
3 261
3 352
3 443
4 4
4 262
4 353
4 444
5 5
5 178
5 263
5 354
5 445
6 6
6 113
6 179
6 264
6 355
6 446
7 7
7 114
7 180
7 265
7 356
7 447
8 8
8 181
8 266
8 357
8 448
9 9
9 115
9 182
9 267
9 358
9 449
10 10
10 82
10 116
10 183
10 268
10 359
10 450
11 11
11 269
11 360
11 451
12 12
12 117
12 184
12 270
12 361
12 452
13 13
13 185
13 271
13 362
13 453
14 14
14 118
14 186
14 272
14 363
14 454
15 15
15 83
15 119
15 187
15 273
15 364
15 455
16 16
16 120
16 188
16 274
16 365
16 456
17 17
17 73
17 84
17 121
17 189
17 275
17 366
17 457
18 18
18 122
18 190
18 276
18 367
18 458
19 19
19 123
19 191
19 277
19 368
19 459
20 20
20 85
20 124
20 192
20 278
20 369
20 460
21 21
21 193
21 279
21 370
21 461
22 22
22 194
22 280
22 371
22 462
23 23
23 86
23 125
23 195
23 281
23 372
23 463
24 24
24 126
24 196
24 282
24 373
24 464
25 25
25 197
25 283
25 374
25 465
26 26
26 127
26 198
26 284
26 375
26 466
27 27
27 128
27 199
27 285
27 376
27 467
28 28
28 87
28 129
28 200
28 286
28 377
28 468
29 29
29 130
29 201
29 287
29 378
29 469
30 30
30 74
30 88
30 131
30 202
30 288
30 379
30 470
31 31
31 132
31 203
31 289
31 380
31 471
32 32
32 89
32 133
32 204
32 290
32 381
32 472
33 33
33 205
33 291
33 382
33 473
34 34
34 134
34 206
34 292
34 383
34 474
35 35
35 135
35 207
35 293
35 384
35 475
36 36
36 136
36 208
36 294
36 385
36 476
37 37
37 137
37 209
37 295
37 386
37 477
38 38
38 90
38 138
38 210
38 296
38 387
38 478
39 39
39 297
39 388
39 479
40 40
40 139
40 211
40 298
40 389
40 480
41 41
41 140
41 212
41 299
41 390
41 481
42 42
42 213
42 300
42 391
42 482
43 43
43 141
43 214
43 301
43 392
43 483
44 44
44 215
44 302
44 393
44 484
45 45
45 142
45 216
45 303
45 394
45 485
46 46
46 143
46 217
46 304
46 395
46 486
47 47
47 91
47 144
47 218
47 305
47 396
47 487
48 48
48 145
48 219
48 306
48 397
48 488
49 49
49 92
49 146
49 220
49 307
49 398
49 489
50 50
50 308
50 399
50 490
51 51
51 75
51 93
51 147
51 221
51 309
51 400
51 491
52 52
52 310
52 401
52 492
53 53
53 222
53 311
53 402
53 493
54 54
54 223
54 312
54 403
54 494
55 55
55 224
55 313
55 404
55 495
56 56
56 314
56 405
56 496
57 57
57 225
57 315
57 406
57 497
58 58
58 94
58 148
58 226
58 316
58 407
58 498
59 59
59 149
59 227
59 317
59 408
59 499
60 60
60 150
60 228
60 318
60 409
60 500
61 61
61 151
61 229
61 319
61 410
61 501
62 62
62 76
62 95
62 152
62 230
62 320
62 411
62 502
63 63
63 231
63 321
63 412
63 503
64 64
64 322
64 413
64 504
65 65
65 232
65 323
65 414
65 505
66 66
66 153
66 233
66 324
66 415
66 506
67 67
67 234
67 325
67 416
67 507
68 68
68 96
68 154
68 235
68 326
68 417
68 508
69 69
69 155
69 236
69 327
69 418
69 509
70 70
70 156
70 237
70 328
70 419
70 510
71 71
71 238
71 329
71 420
71 511
72 72
72 73
72 74
72 75
72 76
73 73
73 77
74 74
74 78
75 75
75 79
76 76
76 80
77 77
77 83
77 89
77 94
78 78
78 85
78 87
78 96
79 79
79 81
79 82
79 86
79 90
79 91
79 92
80 80
80 84
80 88
80 93
80 95
81 81
81 97
82 82
82 98
83 83
83 99
84 84
84 99
85 85
85 100
86 86
86 100
87 87
87 101
88 88
88 101
89 89
89 102
90 90
90 103
91 91
91 104
92 92
92 105
93 93
93 105
94 94
94 106
95 95
95 107
96 96
96 108
97 97
97 109
97 122
97 128
97 150
98 98
98 110
98 113
98 117
98 118
98 126
98 132
98 136
98 153
99 99
99 119
99 133
99 148
100 100
100 111
100 123
100 139
101 101
101 124
101 129
101 154
102 102
102 114
102 120
102 134
102 140
102 141
103 103
103 130
103 137
103 151
103 156
104 104
104 115
104 143
105 105
105 112
105 116
105 125
105 138
105 144
105 146
106 106
106 135
106 149
107 107
107 121
107 131
107 147
107 152
108 108
108 127
108 142
108 145
108 155
109 109
109 157
110 110
110 157
111 111
111 157
112 112
112 157
113 113
113 158
114 114
114 158
115 115
115 158
116 116
116 158
117 117
117 159
118 118
118 160
119 119
119 160
120 120
120 160
121 121
121 160
122 122
122 161
123 123
123 161
124 124
124 161
125 125
125 161
126 126
126 162
127 127
127 162
128 128
128 163
129 129
129 163
130 130
130 163
131 131
131 163
132 132
132 164
133 133
133 164
134 134
134 164
135 135
135 164
136 136
136 165
137 137
137 165
138 138
138 165
139 139
139 166
140 140
140 166
141 141
141 167
142 142
142 167
143 143
143 168
144 144
144 168
145 145
145 168
146 146
146 169
147 147
147 169
148 148
148 170
149 149
149 170
150 150
150 171
151 151
151 171
152 152
152 171
153 153
153 172
154 154
154 172
155 155
155 172
156 156
156 173
157 157
157 174
157 190
157 199
157 228
158 158
158 175
158 179
158 184
158 186
158 196
158 203
158 208
158 233
159 159
159 185
159 225
159 231
160 160
160 187
160 204
160 226
161 161
161 176
161 191
161 211
162 162
162 197
162 205
162 223
162 234
163 163
163 192
163 200
163 235
164 164
164 180
164 188
164 206
164 212
164 214
165 165
165 201
165 209
165 229
165 237
166 166
166 181
166 193
166 213
166 224
167 167
167 194
167 215
168 168
168 182
168 217
169 169
169 177
169 183
169 195
169 210
169 218
169 220
170 170
170 207
170 227
171 171
171 189
171 202
171 221
171 230
172 172
172 198
172 216
172 219
172 236
173 173
173 178
173 222
173 232
173 238
174 174
174 239
175 175
175 239
176 176
176 239
177 177
177 239
178 178
178 239
179 179
179 240
180 180
180 240
181 181
181 240
182 182
182 240
183 183
183 240
184 184
184 241
185 185
185 241
186 186
186 242
187 187
187 242
188 188
188 242
189 189
189 242
190 190
190 243
191 191
191 243
192 192
192 243
193 193
193 243
194 194
194 243
195 195
195 243
196 196
196 244
197 197
197 244
198 198
198 244
199 199
199 245
200 200
200 245
201 201
201 245
202 202
202 245
203 203
203 246
204 204
204 246
205 205
205 246
206 206
206 246
207 207
207 246
208 208
208 247
209 209
209 247
210 210
210 247
211 211
211 248
212 212
212 248
213 213
213 248
214 214
214 249
215 215
215 249
216 216
216 249
217 217
217 250
218 218
218 250
219 219
219 250
220 220
220 251
221 221
221 251
222 222
222 251
223 223
223 252
224 224
224 252
225 225
225 253
226 226
226 253
227 227
227 253
228 228
228 254
229 229
229 254
230 230
230 254
231 231
231 255
232 232
232 255
233 233
233 256
234 234
234 256
235 235
235 256
236 236
236 256
237 237
237 257
238 238
238 257
239 239
239 258
239 276
239 285
239 318
240 240
240 259
240 264
240 270
240 272
240 282
240 289
240 294
240 324
241 241
241 271
241 315
241 321
242 242
242 273
242 290
242 316
243 243
243 260
243 277
243 298
244 244
244 283
244 291
244 312
244 325
245 245
245 278
245 286
245 326
246 246
246 265
246 274
246 292
246 299
246 301
247 247
247 287
247 295
247 319
247 328
248 248
248 266
248 279
248 300
248 313
249 249
249 280
249 302
250 250
250 267
250 304
251 251
251 261
251 268
251 281
251 296
251 305
251 307
252 252
252 262
252 269
252 308
252 314
253 253
253 293
253 317
254 254
254 275
254 288
254 309
254 320
255 255
255 297
255 310
255 322
256 256
256 284
256 303
256 306
256 327
257 257
257 263
257 311
257 323
257 329
258 258
258 330
259 259
259 330
260 260
260 330
261 261
261 330
262 262
262 330
263 263
263 330
264 264
264 331
265 265
265 331
266 266
266 331
267 267
267 331
268 268
268 331
269 269
269 331
270 270
270 332
271 271
271 332
272 272
272 333
273 273
273 333
274 274
274 333
275 275
275 333
276 276
276 334
277 277
277 334
278 278
278 334
279 279
279 334
280 280
280 334
281 281
281 334
282 282
282 335
283 283
283 335
284 284
284 335
285 285
285 336
286 286
286 336
287 287
287 336
288 288
288 336
289 289
289 337
290 290
290 337
291 291
291 337
292 292
292 337
293 293
293 337
294 294
294 338
295 295
295 338
296 296
296 338
297 297
297 338
298 298
298 339
299 299
299 339
300 300
300 339
301 301
301 340
302 302
302 340
303 303
303 340
304 304
304 341
305 305
305 341
306 306
306 341
307 307
307 342
308 308
308 342
309 309
309 342
310 310
310 342
311 311
311 342
312 312
312 343
313 313
313 343
314 314
314 343
315 315
315 344
316 316
316 344
317 317
317 344
318 318
318 345
319 319
319 345
320 320
320 345
321 321
321 346
322 322
322 346
323 323
323 346
324 324
324 347
325 325
325 347
326 326
326 347
327 327
327 347
328 328
328 348
329 329
329 348
330 330
330 349
330 367
330 376
330 409
331 331
331 350
331 355
331 361
331 363
331 373
331 380
331 385
331 415
332 332
332 362
332 406
332 412
333 333
333 364
333 381
333 407
334 334
334 351
334 368
334 389
335 335
335 374
335 382
335 403
335 416
336 336
336 369
336 377
336 417
337 337
337 356
337 365
337 383
337 390
337 392
338 338
338 378
338 386
338 410
338 419
339 339
339 357
339 370
339 391
339 404
340 340
340 371
340 393
341 341
341 358
341 395
342 342
342 352
342 359
342 372
342 387
342 396
342 398
343 343
343 353
343 360
343 399
343 405
344 344
344 384
344 408
345 345
345 366
345 379
345 400
345 411
346 346
346 388
346 401
346 413
347 347
347 375
347 394
347 397
347 418
348 348
348 354
348 402
348 414
348 420
349 349
349 421
350 350
350 421
351 351
351 421
352 352
352 421
353 353
353 421
354 354
354 421
355 355
355 422
356 356
356 422
357 357
357 422
358 358
358 422
359 359
359 422
360 360
360 422
361 361
361 423
362 362
362 423
363 363
363 424
364 364
364 424
365 365
365 424
366 366
366 424
367 367
367 425
368 368
368 425
369 369
369 425
370 370
370 425
371 371
371 425
372 372
372 425
373 373
373 426
374 374
374 426
375 375
375 426
376 376
376 427
377 377
377 427
378 378
378 427
379 379
379 427
380 380
380 428
381 381
381 428
382 382
382 428
383 383
383 428
384 384
384 428
385 385
385 429
386 386
386 429
387 387
387 429
388 388
388 429
389 389
389 430
390 390
390 430
391 391
391 430
392 392
392 431
393 393
393 431
394 394
394 431
395 395
395 432
396 396
396 432
397 397
397 432
398 398
398 433
399 399
399 433
400 400
400 433
401 401
401 433
402 402
402 433
403 403
403 434
404 404
404 434
405 405
405 434
406 406
406 435
407 407
407 435
408 408
408 435
409 409
409 436
410 410
410 436
411 411
411 436
412 412
412 437
413 413
413 437
414 414
414 437
415 415
415 438
416 416
416 438
417 417
417 438
418 418
418 438
419 419
419 439
420 420
420 439
421 421
421 440
421 458
421 467
421 500
422 422
422 441
422 446
422 452
422 454
422 464
422 471
422 476
422 506
423 423
423 453
423 497
423 503
424 424
424 455
424 472
424 498
425 425
425 442
425 459
425 480
426 426
426 465
426 473
426 494
426 507
427 427
427 460
427 468
427 508
428 428
428 447
428 456
428 474
428 481
428 483
429 429
429 469
429 477
429 501
429 510
430 430
430 448
430 461
430 482
430 495
431 431
431 462
431 484
432 432
432 449
432 486
433 433
433 443
433 450
433 463
433 478
433 487
433 489
434 434
434 444
434 451
434 490
434 496
435 435
435 475
435 499
436 436
436 457
436 470
436 491
436 502
437 437
437 479
437 492
437 504
438 438
438 466
438 485
438 488
438 509
439 439
439 445
439 493
439 505
439 511
440 440
440 512
441 441
441 512
442 442
442 512
443 443
443 512
444 444
444 512
445 445
445 512
446 446
446 513
447 447
447 513
448 448
448 513
449 449
449 513
450 450
450 513
451 451
451 513
452 452
452 514
453 453
453 514
454 454
454 515
455 455
455 515
456 456
456 515
457 457
457 515
458 458
458 516
459 459
459 516
460 460
460 516
461 461
461 516
462 462
462 516
463 463
463 516
464 464
464 517
465 465
465 517
466 466
466 517
467 467
467 518
468 468
468 518
469 469
469 518
470 470
470 518
471 471
471 519
472 472
472 519
473 473
473 519
474 474
474 519
475 475
475 519
476 476
476 520
477 477
477 520
478 478
478 520
479 479
479 520
480 480
480 521
481 481
481 521
482 482
482 521
483 483
483 522
484 484
484 522
485 485
485 522
486 486
486 523
487 487
487 523
488 488
488 523
489 489
489 524
490 490
490 524
491 491
491 524
492 492
492 524
493 493
493 524
494 494
494 525
495 495
495 525
496 496
496 525
497 497
497 526
498 498
498 526
499 499
499 526
500 500
500 527
501 501
501 527
502 502
502 527
503 503
503 528
504 504
504 528
505 505
505 528
506 506
506 529
507 507
507 529
508 508
508 529
509 509
509 529
510 510
510 530
511 511
511 530
0 1 1
1 1 1
2 1 1
3 1 1
4 1 1
5 1 1
6 1 1
7 1 1
8 1 1
9 1 1
10 1 1
11 1 1
12 1 1
13 1 1
14 1 1
15 1 1
16 1 1
17 1 1
18 1 1
19 1 1
20 1 1
21 1 1
22 1 1
23 1 1
24 1 1
25 1 1
26 1 1
27 1 1
28 1 1
29 1 1
30 1 1
31 1 1
32 1 1
33 1 1
34 1 1
35 1 1
36 1 1
37 1 1
38 1 1
39 1 1
40 1 1
41 1 1
42 1 1
43 1 1
44 1 1
45 1 1
46 1 1
47 1 1
48 1 1
49 1 1
50 1 1
51 1 1
52 1 1
53 1 1
54 1 1
55 1 1
56 1 1
57 1 1
58 1 1
59 1 1
60 1 1
61 1 1
62 1 1
63 1 1
64 1 1
65 1 1
66 1 1
67 1 1
68 1 1
69 1 1
70 1 1
71 1 1
72 1 1
73 2 1
74 2 1
75 2 1
76 2 1
77 1 1
78 1 1
79 1 1
80 1 1
81 2 1
82 2 1
83 2 1
84 2 1
85 2 1
86 2 1
87 2 1
88 2 1
89 2 1
90 2 1
91 2 1
92 2 1
93 2 1
94 2 1
95 2 1
96 2 1
97 1 1
98 1 1
99 2 1
100 2 1
101 2 1
102 1 1
103 1 1
104 1 1
105 2 1
106 1 1
107 1 1
108 1 1
109 2 1
110 2 1
111 2 1
112 2 1
113 2 1
114 2 1
115 2 1
116 2 1
117 2 1
118 2 1
119 2 1
120 2 1
121 2 1
122 2 1
123 2 1
124 2 1
125 2 1
126 2 1
127 2 1
128 2 1
129 2 1
130 2 1
131 2 1
132 2 1
133 2 1
134 2 1
135 2 1
136 2 1
137 2 1
138 2 1
139 2 1
140 2 1
141 2 1
142 2 1
143 2 1
144 2 1
145 2 1
146 2 1
147 2 1
148 2 1
149 2 1
150 2 1
151 2 1
152 2 1
153 2 1
154 2 1
155 2 1
156 2 1
157 4 1
158 4 1
159 1 1
160 4 1
161 4 1
162 2 1
163 4 1
164 4 1
165 3 1
166 2 1
167 2 1
168 3 1
169 2 1
170 2 1
171 3 1
172 3 1
173 1 1
174 2 1
175 2 1
176 2 1
177 2 1
178 2 1
179 2 1
180 2 1
181 2 1
182 2 1
183 2 1
184 2 1
185 2 1
186 2 1
187 2 1
188 2 1
189 2 1
190 2 1
191 2 1
192 2 1
193 2 1
194 2 1
195 2 1
196 2 1
197 2 1
198 2 1
199 2 1
200 2 1
201 2 1
202 2 1
203 2 1
204 2 1
205 2 1
206 2 1
207 2 1
208 2 1
209 2 1
210 2 1
211 2 1
212 2 1
213 2 1
214 2 1
215 2 1
216 2 1
217 2 1
218 2 1
219 2 1
220 2 1
221 2 1
222 2 1
223 2 1
224 2 1
225 2 1
226 2 1
227 2 1
228 2 1
229 2 1
230 2 1
231 2 1
232 2 1
233 2 1
234 2 1
235 2 1
236 2 1
237 2 1
238 2 1
239 5 1
240 5 1
241 2 1
242 4 1
243 6 1
244 3 1
245 4 1
246 5 1
247 3 1
248 3 1
249 3 1
250 3 1
251 3 1
252 2 1
253 3 1
254 3 1
255 2 1
256 4 1
257 2 1
258 2 1
259 2 1
260 2 1
261 2 1
262 2 1
263 2 1
264 2 1
265 2 1
266 2 1
267 2 1
268 2 1
269 2 1
270 2 1
271 2 1
272 2 1
273 2 1
274 2 1
275 2 1
276 2 1
277 2 1
278 2 1
279 2 1
280 2 1
281 2 1
282 2 1
283 2 1
284 2 1
285 2 1
286 2 1
287 2 1
288 2 1
289 2 1
290 2 1
291 2 1
292 2 1
293 2 1
294 2 1
295 2 1
296 2 1
297 2 1
298 2 1
299 2 1
300 2 1
301 2 1
302 2 1
303 2 1
304 2 1
305 2 1
306 2 1
307 2 1
308 2 1
309 2 1
310 2 1
311 2 1
312 2 1
313 2 1
314 2 1
315 2 1
316 2 1
317 2 1
318 2 1
319 2 1
320 2 1
321 2 1
322 2 1
323 2 1
324 2 1
325 2 1
326 2 1
327 2 1
328 2 1
329 2 1
330 6 1
331 6 1
332 2 1
333 4 1
334 6 1
335 3 1
336 4 1
337 5 1
338 4 1
339 3 1
340 3 1
341 3 1
342 5 1
343 3 1
344 3 1
345 3 1
346 3 1
347 4 1
348 2 1
349 2 1
350 2 1
351 2 1
352 2 1
353 2 1
354 2 1
355 2 1
356 2 1
357 2 1
358 2 1
359 2 1
360 2 1
361 2 1
362 2 1
363 2 1
364 2 1
365 2 1
366 2 1
367 2 1
368 2 1
369 2 1
370 2 1
371 2 1
372 2 1
373 2 1
374 2 1
375 2 1
376 2 1
377 2 1
378 2 1
379 2 1
380 2 1
381 2 1
382 2 1
383 2 1
384 2 1
385 2 1
386 2 1
387 2 1
388 2 1
389 2 1
390 2 1
391 2 1
392 2 1
393 2 1
394 2 1
395 2 1
396 2 1
397 2 1
398 2 1
399 2 1
400 2 1
401 2 1
402 2 1
403 2 1
404 2 1
405 2 1
406 2 1
407 2 1
408 2 1
409 2 1
410 2 1
411 2 1
412 2 1
413 2 1
414 2 1
415 2 1
416 2 1
417 2 1
418 2 1
419 2 1
420 2 1
421 6 1
422 6 1
423 2 1
424 4 1
425 6 1
426 3 1
427 4 1
428 5 1
429 4 1
430 3 1
431 3 1
432 3 1
433 5 1
434 3 1
435 3 1
436 3 1
437 3 1
438 4 1
439 2 1
440 2 1
441 2 1
442 2 1
443 2 1
444 2 1
445 2 1
446 2 1
447 2 1
448 2 1
449 2 1
450 2 1
451 2 1
452 2 1
453 2 1
454 2 1
455 2 1
456 2 1
457 2 1
458 2 1
459 2 1
460 2 1
461 2 1
462 2 1
463 2 1
464 2 1
465 2 1
466 2 1
467 2 1
468 2 1
469 2 1
470 2 1
471 2 1
472 2 1
473 2 1
474 2 1
475 2 1
476 2 1
477 2 1
478 2 1
479 2 1
480 2 1
481 2 1
482 2 1
483 2 1
484 2 1
485 2 1
486 2 1
487 2 1
488 2 1
489 2 1
490 2 1
491 2 1
492 2 1
493 2 1
494 2 1
495 2 1
496 2 1
497 2 1
498 2 1
499 2 1
500 2 1
501 2 1
502 2 1
503 2 1
504 2 1
505 2 1
506 2 1
507 2 1
508 2 1
509 2 1
510 2 1
511 2 1
512 6 1
513 6 1
514 2 1
515 4 1
516 6 1
517 3 1
518 4 1
519 5 1
520 4 1
521 3 1
522 3 1
523 3 1
524 5 1
525 3 1
526 3 1
527 3 1
528 3 1
529 4 1
530 2 1
