% Converted version of coarse-grained hyperDAG from snni_graphchallenge_1024neurons_120layers.txt
320 322 679
0 0
0 51
1 1
1 58
2 2
2 65
3 3
3 72
4 4
4 79
5 5
5 86
6 6
6 93
7 7
7 100
8 8
8 107
9 9
9 114
10 10
10 121
11 11
11 128
12 12
12 135
13 13
13 142
14 14
14 149
15 15
15 156
16 16
16 163
17 17
17 170
18 18
18 177
19 19
19 184
20 20
20 191
21 21
21 198
22 22
22 205
23 23
23 212
24 24
24 219
25 25
25 226
26 26
26 233
27 27
27 240
28 28
28 247
29 29
29 254
30 30
30 261
31 31
31 268
32 32
32 275
33 33
33 282
34 34
34 289
35 35
35 296
36 36
36 303
37 37
37 310
38 38
38 317
39 39
39 41
40 40
40 41
41 41
41 48
42 42
42 50
43 43
43 47
44 44
44 46
45 45
45 46
46 46
46 48
46 57
47 47
47 48
48 48
48 51
49 49
49 50
50 50
50 51
51 51
51 53
52 52
52 53
53 53
53 55
54 54
54 55
55 55
55 58
55 64
56 56
56 57
57 57
57 58
58 58
58 60
59 59
59 60
60 60
60 62
61 61
61 62
62 62
62 65
62 71
63 63
63 64
64 64
64 65
65 65
65 67
66 66
66 67
67 67
67 69
68 68
68 69
69 69
69 72
69 78
70 70
70 71
71 71
71 72
72 72
72 74
73 73
73 74
74 74
74 76
75 75
75 76
76 76
76 79
76 85
77 77
77 78
78 78
78 79
79 79
79 81
80 80
80 81
81 81
81 83
82 82
82 83
83 83
83 86
83 92
84 84
84 85
85 85
85 86
86 86
86 88
87 87
87 88
88 88
88 90
89 89
89 90
90 90
90 93
90 99
91 91
91 92
92 92
92 93
93 93
93 95
94 94
94 95
95 95
95 97
96 96
96 97
97 97
97 100
97 106
98 98
98 99
99 99
99 100
100 100
100 102
101 101
101 102
102 102
102 104
103 103
103 104
104 104
104 107
104 113
105 105
105 106
106 106
106 107
107 107
107 109
108 108
108 109
109 109
109 111
110 110
110 111
111 111
111 114
111 120
112 112
112 113
113 113
113 114
114 114
114 116
115 115
115 116
116 116
116 118
117 117
117 118
118 118
118 121
118 127
119 119
119 120
120 120
120 121
121 121
121 123
122 122
122 123
123 123
123 125
124 124
124 125
125 125
125 128
125 134
126 126
126 127
127 127
127 128
128 128
128 130
129 129
129 130
130 130
130 132
131 131
131 132
132 132
132 135
132 141
133 133
133 134
134 134
134 135
135 135
135 137
136 136
136 137
137 137
137 139
138 138
138 139
139 139
139 142
139 148
140 140
140 141
141 141
141 142
142 142
142 144
143 143
143 144
144 144
144 146
145 145
145 146
146 146
146 149
146 155
147 147
147 148
148 148
148 149
149 149
149 151
150 150
150 151
151 151
151 153
152 152
152 153
153 153
153 156
153 162
154 154
154 155
155 155
155 156
156 156
156 158
157 157
157 158
158 158
158 160
159 159
159 160
160 160
160 163
160 169
161 161
161 162
162 162
162 163
163 163
163 165
164 164
164 165
165 165
165 167
166 166
166 167
167 167
167 170
167 176
168 168
168 169
169 169
169 170
170 170
170 172
171 171
171 172
172 172
172 174
173 173
173 174
174 174
174 177
174 183
175 175
175 176
176 176
176 177
177 177
177 179
178 178
178 179
179 179
179 181
180 180
180 181
181 181
181 184
181 190
182 182
182 183
183 183
183 184
184 184
184 186
185 185
185 186
186 186
186 188
187 187
187 188
188 188
188 191
188 197
189 189
189 190
190 190
190 191
191 191
191 193
192 192
192 193
193 193
193 195
194 194
194 195
195 195
195 198
195 204
196 196
196 197
197 197
197 198
198 198
198 200
199 199
199 200
200 200
200 202
201 201
201 202
202 202
202 205
202 211
203 203
203 204
204 204
204 205
205 205
205 207
206 206
206 207
207 207
207 209
208 208
208 209
209 209
209 212
209 218
210 210
210 211
211 211
211 212
212 212
212 214
213 213
213 214
214 214
214 216
215 215
215 216
216 216
216 219
216 225
217 217
217 218
218 218
218 219
219 219
219 221
220 220
220 221
221 221
221 223
222 222
222 223
223 223
223 226
223 232
224 224
224 225
225 225
225 226
226 226
226 228
227 227
227 228
228 228
228 230
229 229
229 230
230 230
230 233
230 239
231 231
231 232
232 232
232 233
233 233
233 235
234 234
234 235
235 235
235 237
236 236
236 237
237 237
237 240
237 246
238 238
238 239
239 239
239 240
240 240
240 242
241 241
241 242
242 242
242 244
243 243
243 244
244 244
244 247
244 253
245 245
245 246
246 246
246 247
247 247
247 249
248 248
248 249
249 249
249 251
250 250
250 251
251 251
251 254
251 260
252 252
252 253
253 253
253 254
254 254
254 256
255 255
255 256
256 256
256 258
257 257
257 258
258 258
258 261
258 267
259 259
259 260
260 260
260 261
261 261
261 263
262 262
262 263
263 263
263 265
264 264
264 265
265 265
265 268
265 274
266 266
266 267
267 267
267 268
268 268
268 270
269 269
269 270
270 270
270 272
271 271
271 272
272 272
272 275
272 281
273 273
273 274
274 274
274 275
275 275
275 277
276 276
276 277
277 277
277 279
278 278
278 279
279 279
279 282
279 288
280 280
280 281
281 281
281 282
282 282
282 284
283 283
283 284
284 284
284 286
285 285
285 286
286 286
286 289
286 295
287 287
287 288
288 288
288 289
289 289
289 291
290 290
290 291
291 291
291 293
292 292
292 293
293 293
293 296
293 302
294 294
294 295
295 295
295 296
296 296
296 298
297 297
297 298
298 298
298 300
299 299
299 300
300 300
300 303
300 309
301 301
301 302
302 302
302 303
303 303
303 305
304 304
304 305
305 305
305 307
306 306
306 307
307 307
307 310
307 316
308 308
308 309
309 309
309 310
310 310
310 312
311 311
311 312
312 312
312 314
313 313
313 314
314 314
314 317
314 321
315 315
315 316
316 316
316 317
317 317
317 319
318 318
318 319
319 319
319 320
0 1 1
1 1 1
2 1 1
3 1 1
4 1 1
5 1 1
6 1 1
7 1 1
8 1 1
9 1 1
10 1 1
11 1 1
12 1 1
13 1 1
14 1 1
15 1 1
16 1 1
17 1 1
18 1 1
19 1 1
20 1 1
21 1 1
22 1 1
23 1 1
24 1 1
25 1 1
26 1 1
27 1 1
28 1 1
29 1 1
30 1 1
31 1 1
32 1 1
33 1 1
34 1 1
35 1 1
36 1 1
37 1 1
38 1 1
39 1 1
40 1 1
41 2 1
42 1 1
43 1 1
44 1 1
45 1 1
46 2 1
47 1 1
48 3 1
49 1 1
50 2 1
51 3 1
52 1 1
53 2 1
54 1 1
55 2 1
56 1 1
57 2 1
58 3 1
59 1 1
60 2 1
61 1 1
62 2 1
63 1 1
64 2 1
65 3 1
66 1 1
67 2 1
68 1 1
69 2 1
70 1 1
71 2 1
72 3 1
73 1 1
74 2 1
75 1 1
76 2 1
77 1 1
78 2 1
79 3 1
80 1 1
81 2 1
82 1 1
83 2 1
84 1 1
85 2 1
86 3 1
87 1 1
88 2 1
89 1 1
90 2 1
91 1 1
92 2 1
93 3 1
94 1 1
95 2 1
96 1 1
97 2 1
98 1 1
99 2 1
100 3 1
101 1 1
102 2 1
103 1 1
104 2 1
105 1 1
106 2 1
107 3 1
108 1 1
109 2 1
110 1 1
111 2 1
112 1 1
113 2 1
114 3 1
115 1 1
116 2 1
117 1 1
118 2 1
119 1 1
120 2 1
121 3 1
122 1 1
123 2 1
124 1 1
125 2 1
126 1 1
127 2 1
128 3 1
129 1 1
130 2 1
131 1 1
132 2 1
133 1 1
134 2 1
135 3 1
136 1 1
137 2 1
138 1 1
139 2 1
140 1 1
141 2 1
142 3 1
143 1 1
144 2 1
145 1 1
146 2 1
147 1 1
148 2 1
149 3 1
150 1 1
151 2 1
152 1 1
153 2 1
154 1 1
155 2 1
156 3 1
157 1 1
158 2 1
159 1 1
160 2 1
161 1 1
162 2 1
163 3 1
164 1 1
165 2 1
166 1 1
167 2 1
168 1 1
169 2 1
170 3 1
171 1 1
172 2 1
173 1 1
174 2 1
175 1 1
176 2 1
177 3 1
178 1 1
179 2 1
180 1 1
181 2 1
182 1 1
183 2 1
184 3 1
185 1 1
186 2 1
187 1 1
188 2 1
189 1 1
190 2 1
191 3 1
192 1 1
193 2 1
194 1 1
195 2 1
196 1 1
197 2 1
198 3 1
199 1 1
200 2 1
201 1 1
202 2 1
203 1 1
204 2 1
205 3 1
206 1 1
207 2 1
208 1 1
209 2 1
210 1 1
211 2 1
212 3 1
213 1 1
214 2 1
215 1 1
216 2 1
217 1 1
218 2 1
219 3 1
220 1 1
221 2 1
222 1 1
223 2 1
224 1 1
225 2 1
226 3 1
227 1 1
228 2 1
229 1 1
230 2 1
231 1 1
232 2 1
233 3 1
234 1 1
235 2 1
236 1 1
237 2 1
238 1 1
239 2 1
240 3 1
241 1 1
242 2 1
243 1 1
244 2 1
245 1 1
246 2 1
247 3 1
248 1 1
249 2 1
250 1 1
251 2 1
252 1 1
253 2 1
254 3 1
255 1 1
256 2 1
257 1 1
258 2 1
259 1 1
260 2 1
261 3 1
262 1 1
263 2 1
264 1 1
265 2 1
266 1 1
267 2 1
268 3 1
269 1 1
270 2 1
271 1 1
272 2 1
273 1 1
274 2 1
275 3 1
276 1 1
277 2 1
278 1 1
279 2 1
280 1 1
281 2 1
282 3 1
283 1 1
284 2 1
285 1 1
286 2 1
287 1 1
288 2 1
289 3 1
290 1 1
291 2 1
292 1 1
293 2 1
294 1 1
295 2 1
296 3 1
297 1 1
298 2 1
299 1 1
300 2 1
301 1 1
302 2 1
303 3 1
304 1 1
305 2 1
306 1 1
307 2 1
308 1 1
309 2 1
310 3 1
311 1 1
312 2 1
313 1 1
314 2 1
315 1 1
316 2 1
317 3 1
318 1 1
319 2 1
320 1 1
321 1 1
