%HyperDAG model of naive implementation of 5 iterations of the conjugate gradient method.
%The probability for having a nonzero in any cell of matrix A is 0.50
435 447 1317
0 0
0 26
0 77
0 155
0 233
0 311
0 389
1 1
1 27
1 78
1 156
1 234
1 312
1 390
2 2
2 28
2 79
2 157
2 235
2 313
2 391
3 3
3 29
3 80
3 158
3 236
3 314
3 392
4 4
4 30
4 81
4 159
4 237
4 315
4 393
5 5
5 31
5 82
5 160
5 238
5 316
5 394
6 6
6 32
6 83
6 161
6 239
6 317
6 395
7 7
7 33
7 84
7 162
7 240
7 318
7 396
8 8
8 34
8 85
8 163
8 241
8 319
8 397
9 9
9 35
9 86
9 164
9 242
9 320
9 398
10 10
10 36
10 87
10 165
10 243
10 321
10 399
11 11
11 37
11 88
11 166
11 244
11 322
11 400
12 12
12 38
12 89
12 167
12 245
12 323
12 401
13 13
13 39
13 90
13 168
13 246
13 324
13 402
14 14
14 40
14 91
14 169
14 247
14 325
14 403
15 15
15 41
15 92
15 170
15 248
15 326
15 404
16 16
16 42
16 93
16 171
16 249
16 327
16 405
17 17
17 43
17 94
17 172
17 250
17 328
17 406
18 18
18 44
18 95
18 173
18 251
18 329
18 407
19 19
19 45
19 96
19 174
19 252
19 330
19 408
20 20
20 26
20 31
20 34
20 38
20 43
20 117
21 21
21 27
21 35
21 39
21 40
21 44
21 118
22 22
22 32
22 45
22 119
23 23
23 28
23 36
23 41
23 120
24 24
24 29
24 33
24 37
24 42
24 121
25 25
25 30
25 122
26 26
26 46
27 27
27 46
28 28
28 46
29 29
29 46
30 30
30 46
31 31
31 47
32 32
32 47
33 33
33 47
34 34
34 48
35 35
35 48
36 36
36 48
37 37
37 48
38 38
38 49
39 39
39 49
40 40
40 50
41 41
41 50
42 42
42 50
43 43
43 51
44 44
44 51
45 45
45 51
46 46
46 58
47 47
47 59
48 48
48 60
49 49
49 61
50 50
50 62
51 51
51 63
52 52
52 58
53 53
53 59
54 54
54 60
55 55
55 61
56 56
56 62
57 57
57 63
58 58
58 64
58 70
58 129
59 59
59 65
59 71
59 130
60 60
60 66
60 72
60 131
61 61
61 67
61 73
61 132
62 62
62 68
62 74
62 133
63 63
63 69
63 75
63 134
64 64
64 77
64 82
64 85
64 89
64 94
64 103
64 111
64 143
65 65
65 78
65 86
65 90
65 91
65 95
65 104
65 112
65 144
66 66
66 83
66 96
66 105
66 113
66 145
67 67
67 79
67 87
67 92
67 106
67 114
67 146
68 68
68 80
68 84
68 88
68 93
68 107
68 115
68 147
69 69
69 81
69 108
69 116
69 148
70 70
70 76
71 71
71 76
72 72
72 76
73 73
73 76
74 74
74 76
75 75
75 76
76 76
76 110
76 142
77 77
77 97
78 78
78 97
79 79
79 97
80 80
80 97
81 81
81 97
82 82
82 98
83 83
83 98
84 84
84 98
85 85
85 99
86 86
86 99
87 87
87 99
88 88
88 99
89 89
89 100
90 90
90 100
91 91
91 101
92 92
92 101
93 93
93 101
94 94
94 102
95 95
95 102
96 96
96 102
97 97
97 103
97 123
98 98
98 104
98 124
99 99
99 105
99 125
100 100
100 106
100 126
101 101
101 107
101 127
102 102
102 108
102 128
103 103
103 109
104 104
104 109
105 105
105 109
106 106
106 109
107 107
107 109
108 108
108 109
109 109
109 110
110 110
110 111
110 112
110 113
110 114
110 115
110 116
110 123
110 124
110 125
110 126
110 127
110 128
111 111
111 117
112 112
112 118
113 113
113 119
114 114
114 120
115 115
115 121
116 116
116 122
117 117
117 195
118 118
118 196
119 119
119 197
120 120
120 198
121 121
121 199
122 122
122 200
123 123
123 129
124 124
124 130
125 125
125 131
126 126
126 132
127 127
127 133
128 128
128 134
129 129
129 135
129 149
129 207
130 130
130 136
130 150
130 208
131 131
131 137
131 151
131 209
132 132
132 138
132 152
132 210
133 133
133 139
133 153
133 211
134 134
134 140
134 154
134 212
135 135
135 141
136 136
136 141
137 137
137 141
138 138
138 141
139 139
139 141
140 140
140 141
141 141
141 142
141 188
141 220
142 142
142 143
142 144
142 145
142 146
142 147
142 148
143 143
143 149
144 144
144 150
145 145
145 151
146 146
146 152
147 147
147 153
148 148
148 154
149 149
149 155
149 160
149 163
149 167
149 172
149 181
149 189
149 221
150 150
150 156
150 164
150 168
150 169
150 173
150 182
150 190
150 222
151 151
151 161
151 174
151 183
151 191
151 223
152 152
152 157
152 165
152 170
152 184
152 192
152 224
153 153
153 158
153 162
153 166
153 171
153 185
153 193
153 225
154 154
154 159
154 186
154 194
154 226
155 155
155 175
156 156
156 175
157 157
157 175
158 158
158 175
159 159
159 175
160 160
160 176
161 161
161 176
162 162
162 176
163 163
163 177
164 164
164 177
165 165
165 177
166 166
166 177
167 167
167 178
168 168
168 178
169 169
169 179
170 170
170 179
171 171
171 179
172 172
172 180
173 173
173 180
174 174
174 180
175 175
175 181
175 201
176 176
176 182
176 202
177 177
177 183
177 203
178 178
178 184
178 204
179 179
179 185
179 205
180 180
180 186
180 206
181 181
181 187
182 182
182 187
183 183
183 187
184 184
184 187
185 185
185 187
186 186
186 187
187 187
187 188
188 188
188 189
188 190
188 191
188 192
188 193
188 194
188 201
188 202
188 203
188 204
188 205
188 206
189 189
189 195
190 190
190 196
191 191
191 197
192 192
192 198
193 193
193 199
194 194
194 200
195 195
195 273
196 196
196 274
197 197
197 275
198 198
198 276
199 199
199 277
200 200
200 278
201 201
201 207
202 202
202 208
203 203
203 209
204 204
204 210
205 205
205 211
206 206
206 212
207 207
207 213
207 227
207 285
208 208
208 214
208 228
208 286
209 209
209 215
209 229
209 287
210 210
210 216
210 230
210 288
211 211
211 217
211 231
211 289
212 212
212 218
212 232
212 290
213 213
213 219
214 214
214 219
215 215
215 219
216 216
216 219
217 217
217 219
218 218
218 219
219 219
219 220
219 266
219 298
220 220
220 221
220 222
220 223
220 224
220 225
220 226
221 221
221 227
222 222
222 228
223 223
223 229
224 224
224 230
225 225
225 231
226 226
226 232
227 227
227 233
227 238
227 241
227 245
227 250
227 259
227 267
227 299
228 228
228 234
228 242
228 246
228 247
228 251
228 260
228 268
228 300
229 229
229 239
229 252
229 261
229 269
229 301
230 230
230 235
230 243
230 248
230 262
230 270
230 302
231 231
231 236
231 240
231 244
231 249
231 263
231 271
231 303
232 232
232 237
232 264
232 272
232 304
233 233
233 253
234 234
234 253
235 235
235 253
236 236
236 253
237 237
237 253
238 238
238 254
239 239
239 254
240 240
240 254
241 241
241 255
242 242
242 255
243 243
243 255
244 244
244 255
245 245
245 256
246 246
246 256
247 247
247 257
248 248
248 257
249 249
249 257
250 250
250 258
251 251
251 258
252 252
252 258
253 253
253 259
253 279
254 254
254 260
254 280
255 255
255 261
255 281
256 256
256 262
256 282
257 257
257 263
257 283
258 258
258 264
258 284
259 259
259 265
260 260
260 265
261 261
261 265
262 262
262 265
263 263
263 265
264 264
264 265
265 265
265 266
266 266
266 267
266 268
266 269
266 270
266 271
266 272
266 279
266 280
266 281
266 282
266 283
266 284
267 267
267 273
268 268
268 274
269 269
269 275
270 270
270 276
271 271
271 277
272 272
272 278
273 273
273 351
274 274
274 352
275 275
275 353
276 276
276 354
277 277
277 355
278 278
278 356
279 279
279 285
280 280
280 286
281 281
281 287
282 282
282 288
283 283
283 289
284 284
284 290
285 285
285 291
285 305
285 363
286 286
286 292
286 306
286 364
287 287
287 293
287 307
287 365
288 288
288 294
288 308
288 366
289 289
289 295
289 309
289 367
290 290
290 296
290 310
290 368
291 291
291 297
292 292
292 297
293 293
293 297
294 294
294 297
295 295
295 297
296 296
296 297
297 297
297 298
297 344
297 376
298 298
298 299
298 300
298 301
298 302
298 303
298 304
299 299
299 305
300 300
300 306
301 301
301 307
302 302
302 308
303 303
303 309
304 304
304 310
305 305
305 311
305 316
305 319
305 323
305 328
305 337
305 345
305 377
306 306
306 312
306 320
306 324
306 325
306 329
306 338
306 346
306 378
307 307
307 317
307 330
307 339
307 347
307 379
308 308
308 313
308 321
308 326
308 340
308 348
308 380
309 309
309 314
309 318
309 322
309 327
309 341
309 349
309 381
310 310
310 315
310 342
310 350
310 382
311 311
311 331
312 312
312 331
313 313
313 331
314 314
314 331
315 315
315 331
316 316
316 332
317 317
317 332
318 318
318 332
319 319
319 333
320 320
320 333
321 321
321 333
322 322
322 333
323 323
323 334
324 324
324 334
325 325
325 335
326 326
326 335
327 327
327 335
328 328
328 336
329 329
329 336
330 330
330 336
331 331
331 337
331 357
332 332
332 338
332 358
333 333
333 339
333 359
334 334
334 340
334 360
335 335
335 341
335 361
336 336
336 342
336 362
337 337
337 343
338 338
338 343
339 339
339 343
340 340
340 343
341 341
341 343
342 342
342 343
343 343
343 344
344 344
344 345
344 346
344 347
344 348
344 349
344 350
344 357
344 358
344 359
344 360
344 361
344 362
345 345
345 351
346 346
346 352
347 347
347 353
348 348
348 354
349 349
349 355
350 350
350 356
351 351
351 429
352 352
352 430
353 353
353 431
354 354
354 432
355 355
355 433
356 356
356 434
357 357
357 363
358 358
358 364
359 359
359 365
360 360
360 366
361 361
361 367
362 362
362 368
363 363
363 369
363 383
363 441
364 364
364 370
364 384
364 442
365 365
365 371
365 385
365 443
366 366
366 372
366 386
366 444
367 367
367 373
367 387
367 445
368 368
368 374
368 388
368 446
369 369
369 375
370 370
370 375
371 371
371 375
372 372
372 375
373 373
373 375
374 374
374 375
375 375
375 376
375 422
376 376
376 377
376 378
376 379
376 380
376 381
376 382
377 377
377 383
378 378
378 384
379 379
379 385
380 380
380 386
381 381
381 387
382 382
382 388
383 383
383 389
383 394
383 397
383 401
383 406
383 415
383 423
384 384
384 390
384 398
384 402
384 403
384 407
384 416
384 424
385 385
385 395
385 408
385 417
385 425
386 386
386 391
386 399
386 404
386 418
386 426
387 387
387 392
387 396
387 400
387 405
387 419
387 427
388 388
388 393
388 420
388 428
389 389
389 409
390 390
390 409
391 391
391 409
392 392
392 409
393 393
393 409
394 394
394 410
395 395
395 410
396 396
396 410
397 397
397 411
398 398
398 411
399 399
399 411
400 400
400 411
401 401
401 412
402 402
402 412
403 403
403 413
404 404
404 413
405 405
405 413
406 406
406 414
407 407
407 414
408 408
408 414
409 409
409 415
409 435
410 410
410 416
410 436
411 411
411 417
411 437
412 412
412 418
412 438
413 413
413 419
413 439
414 414
414 420
414 440
415 415
415 421
416 416
416 421
417 417
417 421
418 418
418 421
419 419
419 421
420 420
420 421
421 421
421 422
422 422
422 423
422 424
422 425
422 426
422 427
422 428
422 435
422 436
422 437
422 438
422 439
422 440
423 423
423 429
424 424
424 430
425 425
425 431
426 426
426 432
427 427
427 433
428 428
428 434
429 435
429 441
430 436
430 442
431 437
431 443
432 438
432 444
433 439
433 445
434 440
434 446
0 1 1
1 1 1
2 1 1
3 1 1
4 1 1
5 1 1
6 1 1
7 1 1
8 1 1
9 1 1
10 1 1
11 1 1
12 1 1
13 1 1
14 1 1
15 1 1
16 1 1
17 1 1
18 1 1
19 1 1
20 1 1
21 1 1
22 1 1
23 1 1
24 1 1
25 1 1
26 2 1
27 2 1
28 2 1
29 2 1
30 2 1
31 2 1
32 2 1
33 2 1
34 2 1
35 2 1
36 2 1
37 2 1
38 2 1
39 2 1
40 2 1
41 2 1
42 2 1
43 2 1
44 2 1
45 2 1
46 5 1
47 3 1
48 4 1
49 2 1
50 3 1
51 3 1
52 1 1
53 1 1
54 1 1
55 1 1
56 1 1
57 1 1
58 2 1
59 2 1
60 2 1
61 2 1
62 2 1
63 2 1
64 1 1
65 1 1
66 1 1
67 1 1
68 1 1
69 1 1
70 1 1
71 1 1
72 1 1
73 1 1
74 1 1
75 1 1
76 6 1
77 2 1
78 2 1
79 2 1
80 2 1
81 2 1
82 2 1
83 2 1
84 2 1
85 2 1
86 2 1
87 2 1
88 2 1
89 2 1
90 2 1
91 2 1
92 2 1
93 2 1
94 2 1
95 2 1
96 2 1
97 5 1
98 3 1
99 4 1
100 2 1
101 3 1
102 3 1
103 2 1
104 2 1
105 2 1
106 2 1
107 2 1
108 2 1
109 6 1
110 2 1
111 2 1
112 2 1
113 2 1
114 2 1
115 2 1
116 2 1
117 2 1
118 2 1
119 2 1
120 2 1
121 2 1
122 2 1
123 2 1
124 2 1
125 2 1
126 2 1
127 2 1
128 2 1
129 2 1
130 2 1
131 2 1
132 2 1
133 2 1
134 2 1
135 1 1
136 1 1
137 1 1
138 1 1
139 1 1
140 1 1
141 6 1
142 2 1
143 2 1
144 2 1
145 2 1
146 2 1
147 2 1
148 2 1
149 2 1
150 2 1
151 2 1
152 2 1
153 2 1
154 2 1
155 2 1
156 2 1
157 2 1
158 2 1
159 2 1
160 2 1
161 2 1
162 2 1
163 2 1
164 2 1
165 2 1
166 2 1
167 2 1
168 2 1
169 2 1
170 2 1
171 2 1
172 2 1
173 2 1
174 2 1
175 5 1
176 3 1
177 4 1
178 2 1
179 3 1
180 3 1
181 2 1
182 2 1
183 2 1
184 2 1
185 2 1
186 2 1
187 6 1
188 2 1
189 2 1
190 2 1
191 2 1
192 2 1
193 2 1
194 2 1
195 2 1
196 2 1
197 2 1
198 2 1
199 2 1
200 2 1
201 2 1
202 2 1
203 2 1
204 2 1
205 2 1
206 2 1
207 2 1
208 2 1
209 2 1
210 2 1
211 2 1
212 2 1
213 1 1
214 1 1
215 1 1
216 1 1
217 1 1
218 1 1
219 6 1
220 2 1
221 2 1
222 2 1
223 2 1
224 2 1
225 2 1
226 2 1
227 2 1
228 2 1
229 2 1
230 2 1
231 2 1
232 2 1
233 2 1
234 2 1
235 2 1
236 2 1
237 2 1
238 2 1
239 2 1
240 2 1
241 2 1
242 2 1
243 2 1
244 2 1
245 2 1
246 2 1
247 2 1
248 2 1
249 2 1
250 2 1
251 2 1
252 2 1
253 5 1
254 3 1
255 4 1
256 2 1
257 3 1
258 3 1
259 2 1
260 2 1
261 2 1
262 2 1
263 2 1
264 2 1
265 6 1
266 2 1
267 2 1
268 2 1
269 2 1
270 2 1
271 2 1
272 2 1
273 2 1
274 2 1
275 2 1
276 2 1
277 2 1
278 2 1
279 2 1
280 2 1
281 2 1
282 2 1
283 2 1
284 2 1
285 2 1
286 2 1
287 2 1
288 2 1
289 2 1
290 2 1
291 1 1
292 1 1
293 1 1
294 1 1
295 1 1
296 1 1
297 6 1
298 2 1
299 2 1
300 2 1
301 2 1
302 2 1
303 2 1
304 2 1
305 2 1
306 2 1
307 2 1
308 2 1
309 2 1
310 2 1
311 2 1
312 2 1
313 2 1
314 2 1
315 2 1
316 2 1
317 2 1
318 2 1
319 2 1
320 2 1
321 2 1
322 2 1
323 2 1
324 2 1
325 2 1
326 2 1
327 2 1
328 2 1
329 2 1
330 2 1
331 5 1
332 3 1
333 4 1
334 2 1
335 3 1
336 3 1
337 2 1
338 2 1
339 2 1
340 2 1
341 2 1
342 2 1
343 6 1
344 2 1
345 2 1
346 2 1
347 2 1
348 2 1
349 2 1
350 2 1
351 2 1
352 2 1
353 2 1
354 2 1
355 2 1
356 2 1
357 2 1
358 2 1
359 2 1
360 2 1
361 2 1
362 2 1
363 2 1
364 2 1
365 2 1
366 2 1
367 2 1
368 2 1
369 1 1
370 1 1
371 1 1
372 1 1
373 1 1
374 1 1
375 6 1
376 2 1
377 2 1
378 2 1
379 2 1
380 2 1
381 2 1
382 2 1
383 2 1
384 2 1
385 2 1
386 2 1
387 2 1
388 2 1
389 2 1
390 2 1
391 2 1
392 2 1
393 2 1
394 2 1
395 2 1
396 2 1
397 2 1
398 2 1
399 2 1
400 2 1
401 2 1
402 2 1
403 2 1
404 2 1
405 2 1
406 2 1
407 2 1
408 2 1
409 5 1
410 3 1
411 4 1
412 2 1
413 3 1
414 3 1
415 2 1
416 2 1
417 2 1
418 2 1
419 2 1
420 2 1
421 6 1
422 2 1
423 2 1
424 2 1
425 2 1
426 2 1
427 2 1
428 2 1
429 2 1
430 2 1
431 2 1
432 2 1
433 2 1
434 2 1
435 2 1
436 2 1
437 2 1
438 2 1
439 2 1
440 2 1
441 2 1
442 2 1
443 2 1
444 2 1
445 2 1
446 2 1
