%HyperDAG model of naive implementation of A^8 *v with sparse matrix A and dense vector v.
%The probability for having a nonzero in any cell of matrix A is 0.20
273 282 804
0 0
0 33
0 65
0 96
0 127
0 158
0 189
0 220
0 251
1 1
1 34
1 66
1 97
1 128
1 159
1 190
1 221
1 252
2 2
2 35
2 67
2 98
2 129
2 160
2 191
2 222
2 253
3 3
3 36
3 68
3 99
3 130
3 161
3 192
3 223
3 254
4 4
4 37
4 69
4 100
4 131
4 162
4 193
4 224
4 255
5 5
5 38
5 70
5 101
5 132
5 163
5 194
5 225
5 256
6 6
6 39
6 71
6 102
6 133
6 164
6 195
6 226
6 257
7 7
7 40
7 72
7 103
7 134
7 165
7 196
7 227
7 258
8 8
8 41
8 73
8 104
8 135
8 166
8 197
8 228
8 259
9 9
9 42
9 74
9 105
9 136
9 167
9 198
9 229
9 260
10 10
10 43
10 75
10 106
10 137
10 168
10 199
10 230
10 261
11 11
11 44
11 76
11 107
11 138
11 169
11 200
11 231
11 262
12 12
12 45
12 77
12 108
12 139
12 170
12 201
12 232
12 263
13 13
13 46
13 78
13 109
13 140
13 171
13 202
13 233
13 264
14 14
14 47
14 79
14 110
14 141
14 172
14 203
14 234
14 265
15 15
15 48
15 80
15 111
15 142
15 173
15 204
15 235
15 266
16 16
16 49
16 81
16 112
16 143
16 174
16 205
16 236
16 267
17 17
17 50
17 82
17 113
17 144
17 175
17 206
17 237
17 268
18 18
18 51
19 19
19 52
19 83
19 114
19 145
19 176
19 207
19 238
19 269
20 20
20 53
20 84
20 115
20 146
20 177
20 208
20 239
20 270
21 21
21 54
21 85
21 116
21 147
21 178
21 209
21 240
21 271
22 22
22 55
22 86
22 117
22 148
22 179
22 210
22 241
22 272
23 23
23 33
23 35
23 41
24 24
24 42
24 50
25 25
25 36
25 43
25 48
26 26
26 34
26 37
26 46
27 27
27 51
28 28
28 39
28 52
29 29
29 49
29 53
29 55
30 30
30 40
31 31
31 38
31 45
31 47
31 54
32 32
32 44
33 33
33 56
34 34
34 56
35 35
35 57
36 36
36 57
37 37
37 57
38 38
38 57
39 39
39 58
40 40
40 58
41 41
41 59
42 42
42 59
43 43
43 59
44 44
44 59
45 45
45 60
46 46
46 61
47 47
47 61
48 48
48 62
49 49
49 62
50 50
50 63
51 51
51 63
52 52
52 63
53 53
53 63
54 54
54 63
55 55
55 64
56 56
56 65
56 67
56 73
57 57
57 74
57 82
58 58
58 68
58 75
58 80
59 59
59 66
59 69
59 78
60 60
60 71
60 83
61 61
61 81
61 84
61 86
62 62
62 72
63 63
63 70
63 77
63 79
63 85
64 64
64 76
65 65
65 87
66 66
66 87
67 67
67 88
68 68
68 88
69 69
69 88
70 70
70 88
71 71
71 89
72 72
72 89
73 73
73 90
74 74
74 90
75 75
75 90
76 76
76 90
77 77
77 91
78 78
78 92
79 79
79 92
80 80
80 93
81 81
81 93
82 82
82 94
83 83
83 94
84 84
84 94
85 85
85 94
86 86
86 95
87 87
87 96
87 98
87 104
88 88
88 105
88 113
89 89
89 99
89 106
89 111
90 90
90 97
90 100
90 109
91 91
91 102
91 114
92 92
92 112
92 115
92 117
93 93
93 103
94 94
94 101
94 108
94 110
94 116
95 95
95 107
96 96
96 118
97 97
97 118
98 98
98 119
99 99
99 119
100 100
100 119
101 101
101 119
102 102
102 120
103 103
103 120
104 104
104 121
105 105
105 121
106 106
106 121
107 107
107 121
108 108
108 122
109 109
109 123
110 110
110 123
111 111
111 124
112 112
112 124
113 113
113 125
114 114
114 125
115 115
115 125
116 116
116 125
117 117
117 126
118 118
118 127
118 129
118 135
119 119
119 136
119 144
120 120
120 130
120 137
120 142
121 121
121 128
121 131
121 140
122 122
122 133
122 145
123 123
123 143
123 146
123 148
124 124
124 134
125 125
125 132
125 139
125 141
125 147
126 126
126 138
127 127
127 149
128 128
128 149
129 129
129 150
130 130
130 150
131 131
131 150
132 132
132 150
133 133
133 151
134 134
134 151
135 135
135 152
136 136
136 152
137 137
137 152
138 138
138 152
139 139
139 153
140 140
140 154
141 141
141 154
142 142
142 155
143 143
143 155
144 144
144 156
145 145
145 156
146 146
146 156
147 147
147 156
148 148
148 157
149 149
149 158
149 160
149 166
150 150
150 167
150 175
151 151
151 161
151 168
151 173
152 152
152 159
152 162
152 171
153 153
153 164
153 176
154 154
154 174
154 177
154 179
155 155
155 165
156 156
156 163
156 170
156 172
156 178
157 157
157 169
158 158
158 180
159 159
159 180
160 160
160 181
161 161
161 181
162 162
162 181
163 163
163 181
164 164
164 182
165 165
165 182
166 166
166 183
167 167
167 183
168 168
168 183
169 169
169 183
170 170
170 184
171 171
171 185
172 172
172 185
173 173
173 186
174 174
174 186
175 175
175 187
176 176
176 187
177 177
177 187
178 178
178 187
179 179
179 188
180 180
180 189
180 191
180 197
181 181
181 198
181 206
182 182
182 192
182 199
182 204
183 183
183 190
183 193
183 202
184 184
184 195
184 207
185 185
185 205
185 208
185 210
186 186
186 196
187 187
187 194
187 201
187 203
187 209
188 188
188 200
189 189
189 211
190 190
190 211
191 191
191 212
192 192
192 212
193 193
193 212
194 194
194 212
195 195
195 213
196 196
196 213
197 197
197 214
198 198
198 214
199 199
199 214
200 200
200 214
201 201
201 215
202 202
202 216
203 203
203 216
204 204
204 217
205 205
205 217
206 206
206 218
207 207
207 218
208 208
208 218
209 209
209 218
210 210
210 219
211 211
211 220
211 222
211 228
212 212
212 229
212 237
213 213
213 223
213 230
213 235
214 214
214 221
214 224
214 233
215 215
215 226
215 238
216 216
216 236
216 239
216 241
217 217
217 227
218 218
218 225
218 232
218 234
218 240
219 219
219 231
220 220
220 242
221 221
221 242
222 222
222 243
223 223
223 243
224 224
224 243
225 225
225 243
226 226
226 244
227 227
227 244
228 228
228 245
229 229
229 245
230 230
230 245
231 231
231 245
232 232
232 246
233 233
233 247
234 234
234 247
235 235
235 248
236 236
236 248
237 237
237 249
238 238
238 249
239 239
239 249
240 240
240 249
241 241
241 250
242 242
242 251
242 253
242 259
243 243
243 260
243 268
244 244
244 254
244 261
244 266
245 245
245 252
245 255
245 264
246 246
246 257
246 269
247 247
247 267
247 270
247 272
248 248
248 258
249 249
249 256
249 263
249 265
249 271
250 250
250 262
251 251
251 273
252 252
252 273
253 253
253 274
254 254
254 274
255 255
255 274
256 256
256 274
257 257
257 275
258 258
258 275
259 259
259 276
260 260
260 276
261 261
261 276
262 262
262 276
263 263
263 277
264 264
264 278
265 265
265 278
266 266
266 279
267 267
267 279
268 268
268 280
269 269
269 280
270 270
270 280
271 271
271 280
272 272
272 281
0 1 1
1 1 1
2 1 1
3 1 1
4 1 1
5 1 1
6 1 1
7 1 1
8 1 1
9 1 1
10 1 1
11 1 1
12 1 1
13 1 1
14 1 1
15 1 1
16 1 1
17 1 1
18 1 1
19 1 1
20 1 1
21 1 1
22 1 1
23 1 1
24 1 1
25 1 1
26 1 1
27 1 1
28 1 1
29 1 1
30 1 1
31 1 1
32 1 1
33 2 1
34 2 1
35 2 1
36 2 1
37 2 1
38 2 1
39 2 1
40 2 1
41 2 1
42 2 1
43 2 1
44 2 1
45 2 1
46 2 1
47 2 1
48 2 1
49 2 1
50 2 1
51 2 1
52 2 1
53 2 1
54 2 1
55 2 1
56 2 1
57 4 1
58 2 1
59 4 1
60 1 1
61 2 1
62 2 1
63 5 1
64 1 1
65 2 1
66 2 1
67 2 1
68 2 1
69 2 1
70 2 1
71 2 1
72 2 1
73 2 1
74 2 1
75 2 1
76 2 1
77 2 1
78 2 1
79 2 1
80 2 1
81 2 1
82 2 1
83 2 1
84 2 1
85 2 1
86 2 1
87 2 1
88 4 1
89 2 1
90 4 1
91 1 1
92 2 1
93 2 1
94 4 1
95 1 1
96 2 1
97 2 1
98 2 1
99 2 1
100 2 1
101 2 1
102 2 1
103 2 1
104 2 1
105 2 1
106 2 1
107 2 1
108 2 1
109 2 1
110 2 1
111 2 1
112 2 1
113 2 1
114 2 1
115 2 1
116 2 1
117 2 1
118 2 1
119 4 1
120 2 1
121 4 1
122 1 1
123 2 1
124 2 1
125 4 1
126 1 1
127 2 1
128 2 1
129 2 1
130 2 1
131 2 1
132 2 1
133 2 1
134 2 1
135 2 1
136 2 1
137 2 1
138 2 1
139 2 1
140 2 1
141 2 1
142 2 1
143 2 1
144 2 1
145 2 1
146 2 1
147 2 1
148 2 1
149 2 1
150 4 1
151 2 1
152 4 1
153 1 1
154 2 1
155 2 1
156 4 1
157 1 1
158 2 1
159 2 1
160 2 1
161 2 1
162 2 1
163 2 1
164 2 1
165 2 1
166 2 1
167 2 1
168 2 1
169 2 1
170 2 1
171 2 1
172 2 1
173 2 1
174 2 1
175 2 1
176 2 1
177 2 1
178 2 1
179 2 1
180 2 1
181 4 1
182 2 1
183 4 1
184 1 1
185 2 1
186 2 1
187 4 1
188 1 1
189 2 1
190 2 1
191 2 1
192 2 1
193 2 1
194 2 1
195 2 1
196 2 1
197 2 1
198 2 1
199 2 1
200 2 1
201 2 1
202 2 1
203 2 1
204 2 1
205 2 1
206 2 1
207 2 1
208 2 1
209 2 1
210 2 1
211 2 1
212 4 1
213 2 1
214 4 1
215 1 1
216 2 1
217 2 1
218 4 1
219 1 1
220 2 1
221 2 1
222 2 1
223 2 1
224 2 1
225 2 1
226 2 1
227 2 1
228 2 1
229 2 1
230 2 1
231 2 1
232 2 1
233 2 1
234 2 1
235 2 1
236 2 1
237 2 1
238 2 1
239 2 1
240 2 1
241 2 1
242 2 1
243 4 1
244 2 1
245 4 1
246 1 1
247 2 1
248 2 1
249 4 1
250 1 1
251 2 1
252 2 1
253 2 1
254 2 1
255 2 1
256 2 1
257 2 1
258 2 1
259 2 1
260 2 1
261 2 1
262 2 1
263 2 1
264 2 1
265 2 1
266 2 1
267 2 1
268 2 1
269 2 1
270 2 1
271 2 1
272 2 1
273 2 1
274 4 1
275 2 1
276 4 1
277 1 1
278 2 1
279 2 1
280 4 1
281 1 1
