%HyperDAG model of naive implementation of 3 iterations of the conjugate gradient method.
%The probability for having a nonzero in any cell of matrix A is 0.50
410 426 1240
0 0
0 43
0 119
0 230
0 341
1 1
1 44
1 120
1 231
1 342
2 2
2 45
2 121
2 232
2 343
3 3
3 46
3 122
3 233
3 344
4 4
4 47
4 123
4 234
4 345
5 5
5 48
5 124
5 235
5 346
6 6
6 49
6 125
6 236
6 347
7 7
7 50
7 126
7 237
7 348
8 8
8 51
8 127
8 238
8 349
9 9
9 52
9 128
9 239
9 350
10 10
10 53
10 129
10 240
10 351
11 11
11 54
11 130
11 241
11 352
12 12
12 55
12 131
12 242
12 353
13 13
13 56
13 132
13 243
13 354
14 14
14 57
14 133
14 244
14 355
15 15
15 58
15 134
15 245
15 356
16 16
16 59
16 135
16 246
16 357
17 17
17 60
17 136
17 247
17 358
18 18
18 61
18 137
18 248
18 359
19 19
19 62
19 138
19 249
19 360
20 20
20 63
20 139
20 250
20 361
21 21
21 64
21 140
21 251
21 362
22 22
22 65
22 141
22 252
22 363
23 23
23 66
23 142
23 253
23 364
24 24
24 67
24 143
24 254
24 365
25 25
25 68
25 144
25 255
25 366
26 26
26 69
26 145
26 256
26 367
27 27
27 70
27 146
27 257
27 368
28 28
28 71
28 147
28 258
28 369
29 29
29 72
29 148
29 259
29 370
30 30
30 73
30 149
30 260
30 371
31 31
31 74
31 150
31 261
31 372
32 32
32 75
32 151
32 262
32 373
33 33
33 76
33 152
33 263
33 374
34 34
34 77
34 153
34 264
34 375
35 35
35 43
35 49
35 54
35 62
35 68
35 73
35 180
36 36
36 44
36 57
36 66
36 74
36 181
37 37
37 50
37 55
37 69
37 75
37 182
38 38
38 45
38 56
38 58
38 183
39 39
39 46
39 51
39 59
39 70
39 184
40 40
40 47
40 52
40 63
40 71
40 76
40 185
41 41
41 48
41 60
41 64
41 67
41 186
42 42
42 53
42 61
42 65
42 72
42 77
42 187
43 43
43 78
44 44
44 78
45 45
45 78
46 46
46 78
47 47
47 78
48 48
48 78
49 49
49 79
50 50
50 79
51 51
51 79
52 52
52 79
53 53
53 79
54 54
54 80
55 55
55 80
56 56
56 80
57 57
57 81
58 58
58 81
59 59
59 81
60 60
60 81
61 61
61 81
62 62
62 82
63 63
63 82
64 64
64 82
65 65
65 82
66 66
66 83
67 67
67 83
68 68
68 84
69 69
69 84
70 70
70 84
71 71
71 84
72 72
72 84
73 73
73 85
74 74
74 85
75 75
75 85
76 76
76 85
77 77
77 85
78 78
78 94
79 79
79 95
80 80
80 96
81 81
81 97
82 82
82 98
83 83
83 99
84 84
84 100
85 85
85 101
86 86
86 94
87 87
87 95
88 88
88 96
89 89
89 97
90 90
90 98
91 91
91 99
92 92
92 100
93 93
93 101
94 94
94 102
94 110
94 196
95 95
95 103
95 111
95 197
96 96
96 104
96 112
96 198
97 97
97 105
97 113
97 199
98 98
98 106
98 114
98 200
99 99
99 107
99 115
99 201
100 100
100 108
100 116
100 202
101 101
101 109
101 117
101 203
102 102
102 119
102 125
102 130
102 138
102 144
102 149
102 162
102 172
102 214
103 103
103 120
103 133
103 142
103 150
103 163
103 173
103 215
104 104
104 126
104 131
104 145
104 151
104 164
104 174
104 216
105 105
105 121
105 132
105 134
105 165
105 175
105 217
106 106
106 122
106 127
106 135
106 146
106 166
106 176
106 218
107 107
107 123
107 128
107 139
107 147
107 152
107 167
107 177
107 219
108 108
108 124
108 136
108 140
108 143
108 168
108 178
108 220
109 109
109 129
109 137
109 141
109 148
109 153
109 169
109 179
109 221
110 110
110 118
111 111
111 118
112 112
112 118
113 113
113 118
114 114
114 118
115 115
115 118
116 116
116 118
117 117
117 118
118 118
118 171
118 213
119 119
119 154
120 120
120 154
121 121
121 154
122 122
122 154
123 123
123 154
124 124
124 154
125 125
125 155
126 126
126 155
127 127
127 155
128 128
128 155
129 129
129 155
130 130
130 156
131 131
131 156
132 132
132 156
133 133
133 157
134 134
134 157
135 135
135 157
136 136
136 157
137 137
137 157
138 138
138 158
139 139
139 158
140 140
140 158
141 141
141 158
142 142
142 159
143 143
143 159
144 144
144 160
145 145
145 160
146 146
146 160
147 147
147 160
148 148
148 160
149 149
149 161
150 150
150 161
151 151
151 161
152 152
152 161
153 153
153 161
154 154
154 162
154 188
155 155
155 163
155 189
156 156
156 164
156 190
157 157
157 165
157 191
158 158
158 166
158 192
159 159
159 167
159 193
160 160
160 168
160 194
161 161
161 169
161 195
162 162
162 170
163 163
163 170
164 164
164 170
165 165
165 170
166 166
166 170
167 167
167 170
168 168
168 170
169 169
169 170
170 170
170 171
171 171
171 172
171 173
171 174
171 175
171 176
171 177
171 178
171 179
171 188
171 189
171 190
171 191
171 192
171 193
171 194
171 195
172 172
172 180
173 173
173 181
174 174
174 182
175 175
175 183
176 176
176 184
177 177
177 185
178 178
178 186
179 179
179 187
180 180
180 291
181 181
181 292
182 182
182 293
183 183
183 294
184 184
184 295
185 185
185 296
186 186
186 297
187 187
187 298
188 188
188 196
189 189
189 197
190 190
190 198
191 191
191 199
192 192
192 200
193 193
193 201
194 194
194 202
195 195
195 203
196 196
196 204
196 222
196 307
197 197
197 205
197 223
197 308
198 198
198 206
198 224
198 309
199 199
199 207
199 225
199 310
200 200
200 208
200 226
200 311
201 201
201 209
201 227
201 312
202 202
202 210
202 228
202 313
203 203
203 211
203 229
203 314
204 204
204 212
205 205
205 212
206 206
206 212
207 207
207 212
208 208
208 212
209 209
209 212
210 210
210 212
211 211
211 212
212 212
212 213
212 282
212 324
213 213
213 214
213 215
213 216
213 217
213 218
213 219
213 220
213 221
214 214
214 222
215 215
215 223
216 216
216 224
217 217
217 225
218 218
218 226
219 219
219 227
220 220
220 228
221 221
221 229
222 222
222 230
222 236
222 241
222 249
222 255
222 260
222 273
222 283
222 325
223 223
223 231
223 244
223 253
223 261
223 274
223 284
223 326
224 224
224 237
224 242
224 256
224 262
224 275
224 285
224 327
225 225
225 232
225 243
225 245
225 276
225 286
225 328
226 226
226 233
226 238
226 246
226 257
226 277
226 287
226 329
227 227
227 234
227 239
227 250
227 258
227 263
227 278
227 288
227 330
228 228
228 235
228 247
228 251
228 254
228 279
228 289
228 331
229 229
229 240
229 248
229 252
229 259
229 264
229 280
229 290
229 332
230 230
230 265
231 231
231 265
232 232
232 265
233 233
233 265
234 234
234 265
235 235
235 265
236 236
236 266
237 237
237 266
238 238
238 266
239 239
239 266
240 240
240 266
241 241
241 267
242 242
242 267
243 243
243 267
244 244
244 268
245 245
245 268
246 246
246 268
247 247
247 268
248 248
248 268
249 249
249 269
250 250
250 269
251 251
251 269
252 252
252 269
253 253
253 270
254 254
254 270
255 255
255 271
256 256
256 271
257 257
257 271
258 258
258 271
259 259
259 271
260 260
260 272
261 261
261 272
262 262
262 272
263 263
263 272
264 264
264 272
265 265
265 273
265 299
266 266
266 274
266 300
267 267
267 275
267 301
268 268
268 276
268 302
269 269
269 277
269 303
270 270
270 278
270 304
271 271
271 279
271 305
272 272
272 280
272 306
273 273
273 281
274 274
274 281
275 275
275 281
276 276
276 281
277 277
277 281
278 278
278 281
279 279
279 281
280 280
280 281
281 281
281 282
282 282
282 283
282 284
282 285
282 286
282 287
282 288
282 289
282 290
282 299
282 300
282 301
282 302
282 303
282 304
282 305
282 306
283 283
283 291
284 284
284 292
285 285
285 293
286 286
286 294
287 287
287 295
288 288
288 296
289 289
289 297
290 290
290 298
291 291
291 402
292 292
292 403
293 293
293 404
294 294
294 405
295 295
295 406
296 296
296 407
297 297
297 408
298 298
298 409
299 299
299 307
300 300
300 308
301 301
301 309
302 302
302 310
303 303
303 311
304 304
304 312
305 305
305 313
306 306
306 314
307 307
307 315
307 333
307 418
308 308
308 316
308 334
308 419
309 309
309 317
309 335
309 420
310 310
310 318
310 336
310 421
311 311
311 319
311 337
311 422
312 312
312 320
312 338
312 423
313 313
313 321
313 339
313 424
314 314
314 322
314 340
314 425
315 315
315 323
316 316
316 323
317 317
317 323
318 318
318 323
319 319
319 323
320 320
320 323
321 321
321 323
322 322
322 323
323 323
323 324
323 393
324 324
324 325
324 326
324 327
324 328
324 329
324 330
324 331
324 332
325 325
325 333
326 326
326 334
327 327
327 335
328 328
328 336
329 329
329 337
330 330
330 338
331 331
331 339
332 332
332 340
333 333
333 341
333 347
333 352
333 360
333 366
333 371
333 384
333 394
334 334
334 342
334 355
334 364
334 372
334 385
334 395
335 335
335 348
335 353
335 367
335 373
335 386
335 396
336 336
336 343
336 354
336 356
336 387
336 397
337 337
337 344
337 349
337 357
337 368
337 388
337 398
338 338
338 345
338 350
338 361
338 369
338 374
338 389
338 399
339 339
339 346
339 358
339 362
339 365
339 390
339 400
340 340
340 351
340 359
340 363
340 370
340 375
340 391
340 401
341 341
341 376
342 342
342 376
343 343
343 376
344 344
344 376
345 345
345 376
346 346
346 376
347 347
347 377
348 348
348 377
349 349
349 377
350 350
350 377
351 351
351 377
352 352
352 378
353 353
353 378
354 354
354 378
355 355
355 379
356 356
356 379
357 357
357 379
358 358
358 379
359 359
359 379
360 360
360 380
361 361
361 380
362 362
362 380
363 363
363 380
364 364
364 381
365 365
365 381
366 366
366 382
367 367
367 382
368 368
368 382
369 369
369 382
370 370
370 382
371 371
371 383
372 372
372 383
373 373
373 383
374 374
374 383
375 375
375 383
376 376
376 384
376 410
377 377
377 385
377 411
378 378
378 386
378 412
379 379
379 387
379 413
380 380
380 388
380 414
381 381
381 389
381 415
382 382
382 390
382 416
383 383
383 391
383 417
384 384
384 392
385 385
385 392
386 386
386 392
387 387
387 392
388 388
388 392
389 389
389 392
390 390
390 392
391 391
391 392
392 392
392 393
393 393
393 394
393 395
393 396
393 397
393 398
393 399
393 400
393 401
393 410
393 411
393 412
393 413
393 414
393 415
393 416
393 417
394 394
394 402
395 395
395 403
396 396
396 404
397 397
397 405
398 398
398 406
399 399
399 407
400 400
400 408
401 401
401 409
402 410
402 418
403 411
403 419
404 412
404 420
405 413
405 421
406 414
406 422
407 415
407 423
408 416
408 424
409 417
409 425
0 1 1
1 1 1
2 1 1
3 1 1
4 1 1
5 1 1
6 1 1
7 1 1
8 1 1
9 1 1
10 1 1
11 1 1
12 1 1
13 1 1
14 1 1
15 1 1
16 1 1
17 1 1
18 1 1
19 1 1
20 1 1
21 1 1
22 1 1
23 1 1
24 1 1
25 1 1
26 1 1
27 1 1
28 1 1
29 1 1
30 1 1
31 1 1
32 1 1
33 1 1
34 1 1
35 1 1
36 1 1
37 1 1
38 1 1
39 1 1
40 1 1
41 1 1
42 1 1
43 2 1
44 2 1
45 2 1
46 2 1
47 2 1
48 2 1
49 2 1
50 2 1
51 2 1
52 2 1
53 2 1
54 2 1
55 2 1
56 2 1
57 2 1
58 2 1
59 2 1
60 2 1
61 2 1
62 2 1
63 2 1
64 2 1
65 2 1
66 2 1
67 2 1
68 2 1
69 2 1
70 2 1
71 2 1
72 2 1
73 2 1
74 2 1
75 2 1
76 2 1
77 2 1
78 6 1
79 5 1
80 3 1
81 5 1
82 4 1
83 2 1
84 5 1
85 5 1
86 1 1
87 1 1
88 1 1
89 1 1
90 1 1
91 1 1
92 1 1
93 1 1
94 2 1
95 2 1
96 2 1
97 2 1
98 2 1
99 2 1
100 2 1
101 2 1
102 1 1
103 1 1
104 1 1
105 1 1
106 1 1
107 1 1
108 1 1
109 1 1
110 1 1
111 1 1
112 1 1
113 1 1
114 1 1
115 1 1
116 1 1
117 1 1
118 8 1
119 2 1
120 2 1
121 2 1
122 2 1
123 2 1
124 2 1
125 2 1
126 2 1
127 2 1
128 2 1
129 2 1
130 2 1
131 2 1
132 2 1
133 2 1
134 2 1
135 2 1
136 2 1
137 2 1
138 2 1
139 2 1
140 2 1
141 2 1
142 2 1
143 2 1
144 2 1
145 2 1
146 2 1
147 2 1
148 2 1
149 2 1
150 2 1
151 2 1
152 2 1
153 2 1
154 6 1
155 5 1
156 3 1
157 5 1
158 4 1
159 2 1
160 5 1
161 5 1
162 2 1
163 2 1
164 2 1
165 2 1
166 2 1
167 2 1
168 2 1
169 2 1
170 8 1
171 2 1
172 2 1
173 2 1
174 2 1
175 2 1
176 2 1
177 2 1
178 2 1
179 2 1
180 2 1
181 2 1
182 2 1
183 2 1
184 2 1
185 2 1
186 2 1
187 2 1
188 2 1
189 2 1
190 2 1
191 2 1
192 2 1
193 2 1
194 2 1
195 2 1
196 2 1
197 2 1
198 2 1
199 2 1
200 2 1
201 2 1
202 2 1
203 2 1
204 1 1
205 1 1
206 1 1
207 1 1
208 1 1
209 1 1
210 1 1
211 1 1
212 8 1
213 2 1
214 2 1
215 2 1
216 2 1
217 2 1
218 2 1
219 2 1
220 2 1
221 2 1
222 2 1
223 2 1
224 2 1
225 2 1
226 2 1
227 2 1
228 2 1
229 2 1
230 2 1
231 2 1
232 2 1
233 2 1
234 2 1
235 2 1
236 2 1
237 2 1
238 2 1
239 2 1
240 2 1
241 2 1
242 2 1
243 2 1
244 2 1
245 2 1
246 2 1
247 2 1
248 2 1
249 2 1
250 2 1
251 2 1
252 2 1
253 2 1
254 2 1
255 2 1
256 2 1
257 2 1
258 2 1
259 2 1
260 2 1
261 2 1
262 2 1
263 2 1
264 2 1
265 6 1
266 5 1
267 3 1
268 5 1
269 4 1
270 2 1
271 5 1
272 5 1
273 2 1
274 2 1
275 2 1
276 2 1
277 2 1
278 2 1
279 2 1
280 2 1
281 8 1
282 2 1
283 2 1
284 2 1
285 2 1
286 2 1
287 2 1
288 2 1
289 2 1
290 2 1
291 2 1
292 2 1
293 2 1
294 2 1
295 2 1
296 2 1
297 2 1
298 2 1
299 2 1
300 2 1
301 2 1
302 2 1
303 2 1
304 2 1
305 2 1
306 2 1
307 2 1
308 2 1
309 2 1
310 2 1
311 2 1
312 2 1
313 2 1
314 2 1
315 1 1
316 1 1
317 1 1
318 1 1
319 1 1
320 1 1
321 1 1
322 1 1
323 8 1
324 2 1
325 2 1
326 2 1
327 2 1
328 2 1
329 2 1
330 2 1
331 2 1
332 2 1
333 2 1
334 2 1
335 2 1
336 2 1
337 2 1
338 2 1
339 2 1
340 2 1
341 2 1
342 2 1
343 2 1
344 2 1
345 2 1
346 2 1
347 2 1
348 2 1
349 2 1
350 2 1
351 2 1
352 2 1
353 2 1
354 2 1
355 2 1
356 2 1
357 2 1
358 2 1
359 2 1
360 2 1
361 2 1
362 2 1
363 2 1
364 2 1
365 2 1
366 2 1
367 2 1
368 2 1
369 2 1
370 2 1
371 2 1
372 2 1
373 2 1
374 2 1
375 2 1
376 6 1
377 5 1
378 3 1
379 5 1
380 4 1
381 2 1
382 5 1
383 5 1
384 2 1
385 2 1
386 2 1
387 2 1
388 2 1
389 2 1
390 2 1
391 2 1
392 8 1
393 2 1
394 2 1
395 2 1
396 2 1
397 2 1
398 2 1
399 2 1
400 2 1
401 2 1
402 2 1
403 2 1
404 2 1
405 2 1
406 2 1
407 2 1
408 2 1
409 2 1
410 2 1
411 2 1
412 2 1
413 2 1
414 2 1
415 2 1
416 2 1
417 2 1
418 2 1
419 2 1
420 2 1
421 2 1
422 2 1
423 2 1
424 2 1
425 2 1
