%HyperDAG model of SpMV operation.
%The probability for having a nonzero in any cell of matrix A is 0.20
248 273 584
0 0
0 25
0 37
0 97
0 109
0 131
0 145
0 213
1 1
1 57
1 99
1 223
2 2
2 39
3 3
3 27
3 89
3 101
3 171
4 4
4 79
4 141
4 179
4 199
4 215
5 5
5 41
5 111
5 133
5 159
5 173
5 201
5 231
6 6
6 43
6 59
6 161
6 181
6 195
6 225
7 7
7 45
7 113
7 175
7 183
8 8
8 49
8 241
9 9
9 61
9 81
9 163
9 177
10 10
10 29
10 63
10 103
10 121
10 185
10 203
10 233
11 11
11 65
11 83
11 165
11 197
11 235
11 243
12 12
12 31
12 71
12 123
12 135
12 143
12 237
13 13
13 33
13 51
13 67
13 85
13 125
13 137
13 217
13 227
14 14
14 47
14 73
14 91
14 105
14 187
14 219
14 245
15 15
15 117
15 127
16 16
16 115
16 147
16 189
17 17
17 35
17 53
17 93
17 149
17 207
17 239
18 18
18 75
18 157
18 191
19 19
19 119
19 167
19 209
19 247
20 20
20 69
20 77
20 129
20 139
20 151
20 193
20 205
21 21
21 55
21 87
21 107
21 153
21 229
22 22
22 155
22 169
23 23
23 95
23 211
23 221
24 24
24 25
25 25
25 248
26 26
26 27
27 27
27 248
28 28
28 29
29 29
29 248
30 30
30 31
31 31
31 248
32 32
32 33
33 33
33 248
34 34
34 35
35 35
35 248
36 36
36 37
37 37
37 249
38 38
38 39
39 39
39 249
40 40
40 41
41 41
41 249
42 42
42 43
43 43
43 249
44 44
44 45
45 45
45 249
46 46
46 47
47 47
47 249
48 48
48 49
49 49
49 250
50 50
50 51
51 51
51 250
52 52
52 53
53 53
53 250
54 54
54 55
55 55
55 250
56 56
56 57
57 57
57 251
58 58
58 59
59 59
59 251
60 60
60 61
61 61
61 251
62 62
62 63
63 63
63 251
64 64
64 65
65 65
65 251
66 66
66 67
67 67
67 251
68 68
68 69
69 69
69 251
70 70
70 71
71 71
71 252
72 72
72 73
73 73
73 252
74 74
74 75
75 75
75 252
76 76
76 77
77 77
77 252
78 78
78 79
79 79
79 253
80 80
80 81
81 81
81 253
82 82
82 83
83 83
83 253
84 84
84 85
85 85
85 253
86 86
86 87
87 87
87 253
88 88
88 89
89 89
89 254
90 90
90 91
91 91
91 254
92 92
92 93
93 93
93 254
94 94
94 95
95 95
95 254
96 96
96 97
97 97
97 255
98 98
98 99
99 99
99 255
100 100
100 101
101 101
101 255
102 102
102 103
103 103
103 255
104 104
104 105
105 105
105 255
106 106
106 107
107 107
107 255
108 108
108 109
109 109
109 256
110 110
110 111
111 111
111 256
112 112
112 113
113 113
113 256
114 114
114 115
115 115
115 256
116 116
116 117
117 117
117 257
118 118
118 119
119 119
119 257
120 120
120 121
121 121
121 258
122 122
122 123
123 123
123 258
124 124
124 125
125 125
125 258
126 126
126 127
127 127
127 258
128 128
128 129
129 129
129 258
130 130
130 131
131 131
131 259
132 132
132 133
133 133
133 259
134 134
134 135
135 135
135 259
136 136
136 137
137 137
137 259
138 138
138 139
139 139
139 259
140 140
140 141
141 141
141 260
142 142
142 143
143 143
143 260
144 144
144 145
145 145
145 261
146 146
146 147
147 147
147 261
148 148
148 149
149 149
149 261
150 150
150 151
151 151
151 261
152 152
152 153
153 153
153 261
154 154
154 155
155 155
155 261
156 156
156 157
157 157
157 262
158 158
158 159
159 159
159 263
160 160
160 161
161 161
161 263
162 162
162 163
163 163
163 263
164 164
164 165
165 165
165 263
166 166
166 167
167 167
167 263
168 168
168 169
169 169
169 263
170 170
170 171
171 171
171 264
172 172
172 173
173 173
173 264
174 174
174 175
175 175
175 264
176 176
176 177
177 177
177 264
178 178
178 179
179 179
179 265
180 180
180 181
181 181
181 265
182 182
182 183
183 183
183 265
184 184
184 185
185 185
185 265
186 186
186 187
187 187
187 265
188 188
188 189
189 189
189 265
190 190
190 191
191 191
191 265
192 192
192 193
193 193
193 265
194 194
194 195
195 195
195 266
196 196
196 197
197 197
197 266
198 198
198 199
199 199
199 267
200 200
200 201
201 201
201 267
202 202
202 203
203 203
203 267
204 204
204 205
205 205
205 267
206 206
206 207
207 207
207 268
208 208
208 209
209 209
209 268
210 210
210 211
211 211
211 268
212 212
212 213
213 213
213 269
214 214
214 215
215 215
215 269
216 216
216 217
217 217
217 269
218 218
218 219
219 219
219 269
220 220
220 221
221 221
221 269
222 222
222 223
223 223
223 270
224 224
224 225
225 225
225 270
226 226
226 227
227 227
227 270
228 228
228 229
229 229
229 270
230 230
230 231
231 231
231 271
232 232
232 233
233 233
233 271
234 234
234 235
235 235
235 271
236 236
236 237
237 237
237 271
238 238
238 239
239 239
239 271
240 240
240 241
241 241
241 272
242 242
242 243
243 243
243 272
244 244
244 245
245 245
245 272
246 246
246 247
247 247
247 272
0 1 1
1 1 1
2 1 1
3 1 1
4 1 1
5 1 1
6 1 1
7 1 1
8 1 1
9 1 1
10 1 1
11 1 1
12 1 1
13 1 1
14 1 1
15 1 1
16 1 1
17 1 1
18 1 1
19 1 1
20 1 1
21 1 1
22 1 1
23 1 1
24 1 1
25 2 1
26 1 1
27 2 1
28 1 1
29 2 1
30 1 1
31 2 1
32 1 1
33 2 1
34 1 1
35 2 1
36 1 1
37 2 1
38 1 1
39 2 1
40 1 1
41 2 1
42 1 1
43 2 1
44 1 1
45 2 1
46 1 1
47 2 1
48 1 1
49 2 1
50 1 1
51 2 1
52 1 1
53 2 1
54 1 1
55 2 1
56 1 1
57 2 1
58 1 1
59 2 1
60 1 1
61 2 1
62 1 1
63 2 1
64 1 1
65 2 1
66 1 1
67 2 1
68 1 1
69 2 1
70 1 1
71 2 1
72 1 1
73 2 1
74 1 1
75 2 1
76 1 1
77 2 1
78 1 1
79 2 1
80 1 1
81 2 1
82 1 1
83 2 1
84 1 1
85 2 1
86 1 1
87 2 1
88 1 1
89 2 1
90 1 1
91 2 1
92 1 1
93 2 1
94 1 1
95 2 1
96 1 1
97 2 1
98 1 1
99 2 1
100 1 1
101 2 1
102 1 1
103 2 1
104 1 1
105 2 1
106 1 1
107 2 1
108 1 1
109 2 1
110 1 1
111 2 1
112 1 1
113 2 1
114 1 1
115 2 1
116 1 1
117 2 1
118 1 1
119 2 1
120 1 1
121 2 1
122 1 1
123 2 1
124 1 1
125 2 1
126 1 1
127 2 1
128 1 1
129 2 1
130 1 1
131 2 1
132 1 1
133 2 1
134 1 1
135 2 1
136 1 1
137 2 1
138 1 1
139 2 1
140 1 1
141 2 1
142 1 1
143 2 1
144 1 1
145 2 1
146 1 1
147 2 1
148 1 1
149 2 1
150 1 1
151 2 1
152 1 1
153 2 1
154 1 1
155 2 1
156 1 1
157 2 1
158 1 1
159 2 1
160 1 1
161 2 1
162 1 1
163 2 1
164 1 1
165 2 1
166 1 1
167 2 1
168 1 1
169 2 1
170 1 1
171 2 1
172 1 1
173 2 1
174 1 1
175 2 1
176 1 1
177 2 1
178 1 1
179 2 1
180 1 1
181 2 1
182 1 1
183 2 1
184 1 1
185 2 1
186 1 1
187 2 1
188 1 1
189 2 1
190 1 1
191 2 1
192 1 1
193 2 1
194 1 1
195 2 1
196 1 1
197 2 1
198 1 1
199 2 1
200 1 1
201 2 1
202 1 1
203 2 1
204 1 1
205 2 1
206 1 1
207 2 1
208 1 1
209 2 1
210 1 1
211 2 1
212 1 1
213 2 1
214 1 1
215 2 1
216 1 1
217 2 1
218 1 1
219 2 1
220 1 1
221 2 1
222 1 1
223 2 1
224 1 1
225 2 1
226 1 1
227 2 1
228 1 1
229 2 1
230 1 1
231 2 1
232 1 1
233 2 1
234 1 1
235 2 1
236 1 1
237 2 1
238 1 1
239 2 1
240 1 1
241 2 1
242 1 1
243 2 1
244 1 1
245 2 1
246 1 1
247 2 1
248 6 1
249 6 1
250 4 1
251 7 1
252 4 1
253 5 1
254 4 1
255 6 1
256 4 1
257 2 1
258 5 1
259 5 1
260 2 1
261 6 1
262 1 1
263 6 1
264 4 1
265 8 1
266 2 1
267 4 1
268 3 1
269 5 1
270 4 1
271 5 1
272 4 1
