%HyperDAG model of naive implementation of 4 iterations of kNN, starting from node number 13 (i.e. sparse vector with 1 entry).
%The probability for having a nonzero in any cell of matrix A is 0.25, and the main diagonal is set to 1.
269 284 764
0 0
0 81
0 123
0 201
1 1
1 202
2 2
2 124
2 203
3 3
3 82
3 125
3 204
4 4
4 126
4 205
5 5
5 69
5 83
5 127
5 206
6 6
6 128
6 207
7 7
7 208
8 8
8 129
8 209
9 9
9 130
9 210
10 10
10 131
10 211
11 11
11 132
11 212
12 12
12 133
12 213
13 13
13 84
13 134
13 214
14 14
14 135
14 215
15 15
15 136
15 216
16 16
16 137
16 217
17 17
17 138
17 218
18 18
18 85
18 139
18 219
19 19
19 86
19 140
19 220
20 20
20 221
21 21
21 141
21 222
22 22
22 87
22 142
22 223
23 23
23 143
23 224
24 24
24 70
24 88
24 144
24 225
25 25
25 145
25 226
26 26
26 146
26 227
27 27
27 89
27 147
27 228
28 28
28 148
28 229
29 29
29 90
29 149
29 230
30 30
30 231
31 31
31 150
31 232
32 32
32 91
32 151
32 233
33 33
33 92
33 152
33 234
34 34
34 71
34 93
34 153
34 235
35 35
35 154
35 236
36 36
36 94
36 155
36 237
37 37
37 72
37 95
37 156
37 238
38 38
38 96
38 157
38 239
39 39
39 158
39 240
40 40
40 97
40 159
40 241
41 41
41 160
41 242
42 42
42 161
42 243
43 43
43 162
43 244
44 44
44 163
44 245
45 45
45 98
45 164
45 246
46 46
46 165
46 247
47 47
47 73
47 99
47 166
47 248
48 48
48 100
48 167
48 249
49 49
49 168
49 250
50 50
50 169
50 251
51 51
51 101
51 170
51 252
52 52
52 171
52 253
53 53
53 172
53 254
54 54
54 102
54 173
54 255
55 55
55 103
55 174
55 256
56 56
56 104
56 175
56 257
57 57
57 176
57 258
58 58
58 177
58 259
59 59
59 178
59 260
60 60
60 179
60 261
61 61
61 105
61 180
61 262
62 62
62 74
62 106
62 181
62 263
63 63
63 264
64 64
64 107
64 182
64 265
65 65
65 108
65 183
65 266
66 66
66 184
66 267
67 67
67 185
67 268
68 68
68 69
68 70
68 71
68 72
68 73
68 74
69 69
69 75
70 70
70 76
71 71
71 77
72 72
72 78
73 73
73 79
74 74
74 80
75 75
75 81
75 90
75 96
75 102
76 76
76 82
76 84
76 87
76 91
76 101
76 107
77 77
77 92
77 103
78 78
78 85
78 89
78 94
78 97
78 100
78 104
78 105
79 79
79 86
79 98
79 108
80 80
80 83
80 88
80 93
80 95
80 99
80 106
81 81
81 109
82 82
82 109
83 83
83 109
84 84
84 110
85 85
85 111
86 86
86 111
87 87
87 112
88 88
88 112
89 89
89 113
90 90
90 114
91 91
91 114
92 92
92 114
93 93
93 114
94 94
94 115
95 95
95 115
96 96
96 116
97 97
97 116
98 98
98 117
99 99
99 117
100 100
100 118
101 101
101 119
102 102
102 120
103 103
103 120
104 104
104 120
105 105
105 121
106 106
106 121
107 107
107 122
108 108
108 122
109 109
109 123
109 149
109 157
109 173
110 110
110 124
110 132
110 141
110 145
110 150
110 158
111 111
111 133
111 138
111 162
111 179
112 112
112 125
112 134
112 142
112 151
112 170
112 182
113 113
113 129
113 135
113 146
114 114
114 152
114 174
115 115
115 139
115 147
115 155
115 159
115 167
115 175
115 180
116 116
116 143
116 160
116 163
116 176
117 117
117 140
117 164
117 183
118 118
118 161
118 168
118 171
118 177
119 119
119 126
119 165
119 172
119 184
120 120
120 130
120 136
120 148
120 178
121 121
121 127
121 144
121 153
121 156
121 166
121 181
122 122
122 128
122 131
122 137
122 154
122 169
122 185
123 123
123 186
124 124
124 186
125 125
125 186
126 126
126 186
127 127
127 186
128 128
128 186
129 129
129 187
130 130
130 187
131 131
131 187
132 132
132 188
133 133
133 188
134 134
134 188
135 135
135 188
136 136
136 188
137 137
137 188
138 138
138 189
139 139
139 189
140 140
140 189
141 141
141 190
142 142
142 190
143 143
143 190
144 144
144 190
145 145
145 191
146 146
146 191
147 147
147 191
148 148
148 191
149 149
149 192
150 150
150 192
151 151
151 192
152 152
152 192
153 153
153 192
154 154
154 192
155 155
155 193
156 156
156 193
157 157
157 194
158 158
158 194
159 159
159 194
160 160
160 194
161 161
161 194
162 162
162 195
163 163
163 195
164 164
164 195
165 165
165 195
166 166
166 195
167 167
167 196
168 168
168 196
169 169
169 196
170 170
170 197
171 171
171 197
172 172
172 197
173 173
173 198
174 174
174 198
175 175
175 198
176 176
176 198
177 177
177 198
178 178
178 198
179 179
179 199
180 180
180 199
181 181
181 199
182 182
182 200
183 183
183 200
184 184
184 200
185 185
185 200
186 186
186 201
186 230
186 239
186 255
187 187
187 202
187 208
187 221
187 231
187 264
188 188
188 203
188 212
188 222
188 226
188 232
188 240
189 189
189 213
189 218
189 244
189 261
190 190
190 204
190 214
190 223
190 233
190 252
190 265
191 191
191 209
191 215
191 227
192 192
192 234
192 256
193 193
193 219
193 228
193 237
193 241
193 249
193 257
193 262
194 194
194 224
194 242
194 245
194 258
195 195
195 220
195 246
195 266
196 196
196 243
196 250
196 253
196 259
197 197
197 205
197 247
197 254
197 267
198 198
198 210
198 216
198 229
198 260
199 199
199 206
199 225
199 235
199 238
199 248
199 263
200 200
200 207
200 211
200 217
200 236
200 251
200 268
201 201
201 269
202 202
202 269
203 203
203 269
204 204
204 269
205 205
205 269
206 206
206 269
207 207
207 269
208 208
208 270
209 209
209 270
210 210
210 270
211 211
211 270
212 212
212 271
213 213
213 271
214 214
214 271
215 215
215 271
216 216
216 271
217 217
217 271
218 218
218 272
219 219
219 272
220 220
220 272
221 221
221 273
222 222
222 273
223 223
223 273
224 224
224 273
225 225
225 273
226 226
226 274
227 227
227 274
228 228
228 274
229 229
229 274
230 230
230 275
231 231
231 275
232 232
232 275
233 233
233 275
234 234
234 275
235 235
235 275
236 236
236 275
237 237
237 276
238 238
238 276
239 239
239 277
240 240
240 277
241 241
241 277
242 242
242 277
243 243
243 277
244 244
244 278
245 245
245 278
246 246
246 278
247 247
247 278
248 248
248 278
249 249
249 279
250 250
250 279
251 251
251 279
252 252
252 280
253 253
253 280
254 254
254 280
255 255
255 281
256 256
256 281
257 257
257 281
258 258
258 281
259 259
259 281
260 260
260 281
261 261
261 282
262 262
262 282
263 263
263 282
264 264
264 283
265 265
265 283
266 266
266 283
267 267
267 283
268 268
268 283
0 1 1
1 1 1
2 1 1
3 1 1
4 1 1
5 1 1
6 1 1
7 1 1
8 1 1
9 1 1
10 1 1
11 1 1
12 1 1
13 1 1
14 1 1
15 1 1
16 1 1
17 1 1
18 1 1
19 1 1
20 1 1
21 1 1
22 1 1
23 1 1
24 1 1
25 1 1
26 1 1
27 1 1
28 1 1
29 1 1
30 1 1
31 1 1
32 1 1
33 1 1
34 1 1
35 1 1
36 1 1
37 1 1
38 1 1
39 1 1
40 1 1
41 1 1
42 1 1
43 1 1
44 1 1
45 1 1
46 1 1
47 1 1
48 1 1
49 1 1
50 1 1
51 1 1
52 1 1
53 1 1
54 1 1
55 1 1
56 1 1
57 1 1
58 1 1
59 1 1
60 1 1
61 1 1
62 1 1
63 1 1
64 1 1
65 1 1
66 1 1
67 1 1
68 1 1
69 2 1
70 2 1
71 2 1
72 2 1
73 2 1
74 2 1
75 1 1
76 1 1
77 1 1
78 1 1
79 1 1
80 1 1
81 2 1
82 2 1
83 2 1
84 2 1
85 2 1
86 2 1
87 2 1
88 2 1
89 2 1
90 2 1
91 2 1
92 2 1
93 2 1
94 2 1
95 2 1
96 2 1
97 2 1
98 2 1
99 2 1
100 2 1
101 2 1
102 2 1
103 2 1
104 2 1
105 2 1
106 2 1
107 2 1
108 2 1
109 3 1
110 1 1
111 2 1
112 2 1
113 1 1
114 4 1
115 2 1
116 2 1
117 2 1
118 1 1
119 1 1
120 3 1
121 2 1
122 2 1
123 2 1
124 2 1
125 2 1
126 2 1
127 2 1
128 2 1
129 2 1
130 2 1
131 2 1
132 2 1
133 2 1
134 2 1
135 2 1
136 2 1
137 2 1
138 2 1
139 2 1
140 2 1
141 2 1
142 2 1
143 2 1
144 2 1
145 2 1
146 2 1
147 2 1
148 2 1
149 2 1
150 2 1
151 2 1
152 2 1
153 2 1
154 2 1
155 2 1
156 2 1
157 2 1
158 2 1
159 2 1
160 2 1
161 2 1
162 2 1
163 2 1
164 2 1
165 2 1
166 2 1
167 2 1
168 2 1
169 2 1
170 2 1
171 2 1
172 2 1
173 2 1
174 2 1
175 2 1
176 2 1
177 2 1
178 2 1
179 2 1
180 2 1
181 2 1
182 2 1
183 2 1
184 2 1
185 2 1
186 6 1
187 3 1
188 6 1
189 3 1
190 4 1
191 4 1
192 6 1
193 2 1
194 5 1
195 5 1
196 3 1
197 3 1
198 6 1
199 3 1
200 4 1
201 2 1
202 2 1
203 2 1
204 2 1
205 2 1
206 2 1
207 2 1
208 2 1
209 2 1
210 2 1
211 2 1
212 2 1
213 2 1
214 2 1
215 2 1
216 2 1
217 2 1
218 2 1
219 2 1
220 2 1
221 2 1
222 2 1
223 2 1
224 2 1
225 2 1
226 2 1
227 2 1
228 2 1
229 2 1
230 2 1
231 2 1
232 2 1
233 2 1
234 2 1
235 2 1
236 2 1
237 2 1
238 2 1
239 2 1
240 2 1
241 2 1
242 2 1
243 2 1
244 2 1
245 2 1
246 2 1
247 2 1
248 2 1
249 2 1
250 2 1
251 2 1
252 2 1
253 2 1
254 2 1
255 2 1
256 2 1
257 2 1
258 2 1
259 2 1
260 2 1
261 2 1
262 2 1
263 2 1
264 2 1
265 2 1
266 2 1
267 2 1
268 2 1
269 7 1
270 4 1
271 6 1
272 3 1
273 5 1
274 4 1
275 7 1
276 2 1
277 5 1
278 5 1
279 3 1
280 3 1
281 6 1
282 3 1
283 5 1
