%HyperDAG model of naive implementation of 5 iterations of the conjugate gradient method.
%The probability for having a nonzero in any cell of matrix A is 0.20
552 570 1632
0 0
0 26
0 89
0 191
0 293
0 395
0 497
1 1
1 27
1 90
1 192
1 294
1 396
1 498
2 2
2 28
2 91
2 193
2 295
2 397
2 499
3 3
3 29
3 92
3 194
3 296
3 398
3 500
4 4
4 30
4 93
4 195
4 297
4 399
4 501
5 5
5 31
5 94
5 196
5 298
5 400
5 502
6 6
6 32
6 95
6 197
6 299
6 401
6 503
7 7
7 33
7 96
7 198
7 300
7 402
7 504
8 8
8 34
8 97
8 199
8 301
8 403
8 505
9 9
9 35
9 98
9 200
9 302
9 404
9 506
10 10
10 36
10 99
10 201
10 303
10 405
10 507
11 11
11 37
11 100
11 202
11 304
11 406
11 508
12 12
12 38
12 101
12 203
12 305
12 407
12 509
13 13
13 39
13 102
13 204
13 306
13 408
13 510
14 14
14 40
14 103
14 205
14 307
14 409
14 511
15 15
15 41
15 104
15 206
15 308
15 410
15 512
16 16
16 42
16 105
16 207
16 309
16 411
16 513
17 17
17 26
17 31
17 33
17 39
17 41
17 135
18 18
18 28
18 136
19 19
19 137
20 20
20 27
20 29
20 34
20 37
20 138
21 21
21 30
21 35
21 38
21 42
21 139
22 22
22 36
22 40
22 140
23 23
23 141
24 24
24 32
24 142
25 25
25 143
26 26
26 43
27 27
27 43
28 28
28 44
29 29
29 44
30 30
30 44
31 31
31 45
32 32
32 45
33 33
33 46
34 34
34 46
35 35
35 46
36 36
36 46
37 37
37 47
38 38
38 49
39 39
39 50
40 40
40 50
41 41
41 51
42 42
42 51
43 43
43 61
44 44
44 62
45 45
45 63
46 46
46 64
47 47
47 65
48 48
48 66
49 49
49 67
50 50
50 68
51 51
51 69
52 52
52 61
53 53
53 62
54 54
54 63
55 55
55 64
56 56
56 65
57 57
57 66
58 58
58 67
59 59
59 68
60 60
60 69
61 61
61 70
61 79
61 153
62 62
62 71
62 80
62 154
63 63
63 72
63 81
63 155
64 64
64 73
64 82
64 156
65 65
65 74
65 83
65 157
66 66
66 75
66 84
66 158
67 67
67 76
67 85
67 159
68 68
68 77
68 86
68 160
69 69
69 78
69 87
69 161
70 70
70 89
70 94
70 96
70 102
70 104
70 115
70 126
70 173
71 71
71 91
71 116
71 127
71 174
72 72
72 117
72 128
72 175
73 73
73 90
73 92
73 97
73 100
73 118
73 129
73 176
74 74
74 93
74 98
74 101
74 105
74 119
74 130
74 177
75 75
75 99
75 103
75 120
75 131
75 178
76 76
76 121
76 132
76 179
77 77
77 95
77 122
77 133
77 180
78 78
78 123
78 134
78 181
79 79
79 88
80 80
80 88
81 81
81 88
82 82
82 88
83 83
83 88
84 84
84 88
85 85
85 88
86 86
86 88
87 87
87 88
88 88
88 125
88 172
89 89
89 106
90 90
90 106
91 91
91 107
92 92
92 107
93 93
93 107
94 94
94 108
95 95
95 108
96 96
96 109
97 97
97 109
98 98
98 109
99 99
99 109
100 100
100 110
101 101
101 112
102 102
102 113
103 103
103 113
104 104
104 114
105 105
105 114
106 106
106 115
106 144
107 107
107 116
107 145
108 108
108 117
108 146
109 109
109 118
109 147
110 110
110 119
110 148
111 111
111 120
111 149
112 112
112 121
112 150
113 113
113 122
113 151
114 114
114 123
114 152
115 115
115 124
116 116
116 124
117 117
117 124
118 118
118 124
119 119
119 124
120 120
120 124
121 121
121 124
122 122
122 124
123 123
123 124
124 124
124 125
125 125
125 126
125 127
125 128
125 129
125 130
125 131
125 132
125 133
125 134
125 144
125 145
125 146
125 147
125 148
125 149
125 150
125 151
125 152
126 126
126 135
127 127
127 136
128 128
128 137
129 129
129 138
130 130
130 139
131 131
131 140
132 132
132 141
133 133
133 142
134 134
134 143
135 135
135 237
136 136
136 238
137 137
137 239
138 138
138 240
139 139
139 241
140 140
140 242
141 141
141 243
142 142
142 244
143 143
143 245
144 144
144 153
145 145
145 154
146 146
146 155
147 147
147 156
148 148
148 157
149 149
149 158
150 150
150 159
151 151
151 160
152 152
152 161
153 153
153 162
153 182
153 255
154 154
154 163
154 183
154 256
155 155
155 164
155 184
155 257
156 156
156 165
156 185
156 258
157 157
157 166
157 186
157 259
158 158
158 167
158 187
158 260
159 159
159 168
159 188
159 261
160 160
160 169
160 189
160 262
161 161
161 170
161 190
161 263
162 162
162 171
163 163
163 171
164 164
164 171
165 165
165 171
166 166
166 171
167 167
167 171
168 168
168 171
169 169
169 171
170 170
170 171
171 171
171 172
171 227
171 274
172 172
172 173
172 174
172 175
172 176
172 177
172 178
172 179
172 180
172 181
173 173
173 182
174 174
174 183
175 175
175 184
176 176
176 185
177 177
177 186
178 178
178 187
179 179
179 188
180 180
180 189
181 181
181 190
182 182
182 191
182 196
182 198
182 204
182 206
182 217
182 228
182 275
183 183
183 193
183 218
183 229
183 276
184 184
184 219
184 230
184 277
185 185
185 192
185 194
185 199
185 202
185 220
185 231
185 278
186 186
186 195
186 200
186 203
186 207
186 221
186 232
186 279
187 187
187 201
187 205
187 222
187 233
187 280
188 188
188 223
188 234
188 281
189 189
189 197
189 224
189 235
189 282
190 190
190 225
190 236
190 283
191 191
191 208
192 192
192 208
193 193
193 209
194 194
194 209
195 195
195 209
196 196
196 210
197 197
197 210
198 198
198 211
199 199
199 211
200 200
200 211
201 201
201 211
202 202
202 212
203 203
203 214
204 204
204 215
205 205
205 215
206 206
206 216
207 207
207 216
208 208
208 217
208 246
209 209
209 218
209 247
210 210
210 219
210 248
211 211
211 220
211 249
212 212
212 221
212 250
213 213
213 222
213 251
214 214
214 223
214 252
215 215
215 224
215 253
216 216
216 225
216 254
217 217
217 226
218 218
218 226
219 219
219 226
220 220
220 226
221 221
221 226
222 222
222 226
223 223
223 226
224 224
224 226
225 225
225 226
226 226
226 227
227 227
227 228
227 229
227 230
227 231
227 232
227 233
227 234
227 235
227 236
227 246
227 247
227 248
227 249
227 250
227 251
227 252
227 253
227 254
228 228
228 237
229 229
229 238
230 230
230 239
231 231
231 240
232 232
232 241
233 233
233 242
234 234
234 243
235 235
235 244
236 236
236 245
237 237
237 339
238 238
238 340
239 239
239 341
240 240
240 342
241 241
241 343
242 242
242 344
243 243
243 345
244 244
244 346
245 245
245 347
246 246
246 255
247 247
247 256
248 248
248 257
249 249
249 258
250 250
250 259
251 251
251 260
252 252
252 261
253 253
253 262
254 254
254 263
255 255
255 264
255 284
255 357
256 256
256 265
256 285
256 358
257 257
257 266
257 286
257 359
258 258
258 267
258 287
258 360
259 259
259 268
259 288
259 361
260 260
260 269
260 289
260 362
261 261
261 270
261 290
261 363
262 262
262 271
262 291
262 364
263 263
263 272
263 292
263 365
264 264
264 273
265 265
265 273
266 266
266 273
267 267
267 273
268 268
268 273
269 269
269 273
270 270
270 273
271 271
271 273
272 272
272 273
273 273
273 274
273 329
273 376
274 274
274 275
274 276
274 277
274 278
274 279
274 280
274 281
274 282
274 283
275 275
275 284
276 276
276 285
277 277
277 286
278 278
278 287
279 279
279 288
280 280
280 289
281 281
281 290
282 282
282 291
283 283
283 292
284 284
284 293
284 298
284 300
284 306
284 308
284 319
284 330
284 377
285 285
285 295
285 320
285 331
285 378
286 286
286 321
286 332
286 379
287 287
287 294
287 296
287 301
287 304
287 322
287 333
287 380
288 288
288 297
288 302
288 305
288 309
288 323
288 334
288 381
289 289
289 303
289 307
289 324
289 335
289 382
290 290
290 325
290 336
290 383
291 291
291 299
291 326
291 337
291 384
292 292
292 327
292 338
292 385
293 293
293 310
294 294
294 310
295 295
295 311
296 296
296 311
297 297
297 311
298 298
298 312
299 299
299 312
300 300
300 313
301 301
301 313
302 302
302 313
303 303
303 313
304 304
304 314
305 305
305 316
306 306
306 317
307 307
307 317
308 308
308 318
309 309
309 318
310 310
310 319
310 348
311 311
311 320
311 349
312 312
312 321
312 350
313 313
313 322
313 351
314 314
314 323
314 352
315 315
315 324
315 353
316 316
316 325
316 354
317 317
317 326
317 355
318 318
318 327
318 356
319 319
319 328
320 320
320 328
321 321
321 328
322 322
322 328
323 323
323 328
324 324
324 328
325 325
325 328
326 326
326 328
327 327
327 328
328 328
328 329
329 329
329 330
329 331
329 332
329 333
329 334
329 335
329 336
329 337
329 338
329 348
329 349
329 350
329 351
329 352
329 353
329 354
329 355
329 356
330 330
330 339
331 331
331 340
332 332
332 341
333 333
333 342
334 334
334 343
335 335
335 344
336 336
336 345
337 337
337 346
338 338
338 347
339 339
339 441
340 340
340 442
341 341
341 443
342 342
342 444
343 343
343 445
344 344
344 446
345 345
345 447
346 346
346 448
347 347
347 449
348 348
348 357
349 349
349 358
350 350
350 359
351 351
351 360
352 352
352 361
353 353
353 362
354 354
354 363
355 355
355 364
356 356
356 365
357 357
357 366
357 386
357 459
358 358
358 367
358 387
358 460
359 359
359 368
359 388
359 461
360 360
360 369
360 389
360 462
361 361
361 370
361 390
361 463
362 362
362 371
362 391
362 464
363 363
363 372
363 392
363 465
364 364
364 373
364 393
364 466
365 365
365 374
365 394
365 467
366 366
366 375
367 367
367 375
368 368
368 375
369 369
369 375
370 370
370 375
371 371
371 375
372 372
372 375
373 373
373 375
374 374
374 375
375 375
375 376
375 431
375 478
376 376
376 377
376 378
376 379
376 380
376 381
376 382
376 383
376 384
376 385
377 377
377 386
378 378
378 387
379 379
379 388
380 380
380 389
381 381
381 390
382 382
382 391
383 383
383 392
384 384
384 393
385 385
385 394
386 386
386 395
386 400
386 402
386 408
386 410
386 421
386 432
386 479
387 387
387 397
387 422
387 433
387 480
388 388
388 423
388 434
388 481
389 389
389 396
389 398
389 403
389 406
389 424
389 435
389 482
390 390
390 399
390 404
390 407
390 411
390 425
390 436
390 483
391 391
391 405
391 409
391 426
391 437
391 484
392 392
392 427
392 438
392 485
393 393
393 401
393 428
393 439
393 486
394 394
394 429
394 440
394 487
395 395
395 412
396 396
396 412
397 397
397 413
398 398
398 413
399 399
399 413
400 400
400 414
401 401
401 414
402 402
402 415
403 403
403 415
404 404
404 415
405 405
405 415
406 406
406 416
407 407
407 418
408 408
408 419
409 409
409 419
410 410
410 420
411 411
411 420
412 412
412 421
412 450
413 413
413 422
413 451
414 414
414 423
414 452
415 415
415 424
415 453
416 416
416 425
416 454
417 417
417 426
417 455
418 418
418 427
418 456
419 419
419 428
419 457
420 420
420 429
420 458
421 421
421 430
422 422
422 430
423 423
423 430
424 424
424 430
425 425
425 430
426 426
426 430
427 427
427 430
428 428
428 430
429 429
429 430
430 430
430 431
431 431
431 432
431 433
431 434
431 435
431 436
431 437
431 438
431 439
431 440
431 450
431 451
431 452
431 453
431 454
431 455
431 456
431 457
431 458
432 432
432 441
433 433
433 442
434 434
434 443
435 435
435 444
436 436
436 445
437 437
437 446
438 438
438 447
439 439
439 448
440 440
440 449
441 441
441 543
442 442
442 544
443 443
443 545
444 444
444 546
445 445
445 547
446 446
446 548
447 447
447 549
448 448
448 550
449 449
449 551
450 450
450 459
451 451
451 460
452 452
452 461
453 453
453 462
454 454
454 463
455 455
455 464
456 456
456 465
457 457
457 466
458 458
458 467
459 459
459 468
459 488
459 561
460 460
460 469
460 489
460 562
461 461
461 470
461 490
461 563
462 462
462 471
462 491
462 564
463 463
463 472
463 492
463 565
464 464
464 473
464 493
464 566
465 465
465 474
465 494
465 567
466 466
466 475
466 495
466 568
467 467
467 476
467 496
467 569
468 468
468 477
469 469
469 477
470 470
470 477
471 471
471 477
472 472
472 477
473 473
473 477
474 474
474 477
475 475
475 477
476 476
476 477
477 477
477 478
477 533
478 478
478 479
478 480
478 481
478 482
478 483
478 484
478 485
478 486
478 487
479 479
479 488
480 480
480 489
481 481
481 490
482 482
482 491
483 483
483 492
484 484
484 493
485 485
485 494
486 486
486 495
487 487
487 496
488 488
488 497
488 502
488 504
488 510
488 512
488 523
488 534
489 489
489 499
489 524
489 535
490 490
490 525
490 536
491 491
491 498
491 500
491 505
491 508
491 526
491 537
492 492
492 501
492 506
492 509
492 513
492 527
492 538
493 493
493 507
493 511
493 528
493 539
494 494
494 529
494 540
495 495
495 503
495 530
495 541
496 496
496 531
496 542
497 497
497 514
498 498
498 514
499 499
499 515
500 500
500 515
501 501
501 515
502 502
502 516
503 503
503 516
504 504
504 517
505 505
505 517
506 506
506 517
507 507
507 517
508 508
508 518
509 509
509 520
510 510
510 521
511 511
511 521
512 512
512 522
513 513
513 522
514 514
514 523
514 552
515 515
515 524
515 553
516 516
516 525
516 554
517 517
517 526
517 555
518 518
518 527
518 556
519 519
519 528
519 557
520 520
520 529
520 558
521 521
521 530
521 559
522 522
522 531
522 560
523 523
523 532
524 524
524 532
525 525
525 532
526 526
526 532
527 527
527 532
528 528
528 532
529 529
529 532
530 530
530 532
531 531
531 532
532 532
532 533
533 533
533 534
533 535
533 536
533 537
533 538
533 539
533 540
533 541
533 542
533 552
533 553
533 554
533 555
533 556
533 557
533 558
533 559
533 560
534 534
534 543
535 535
535 544
536 536
536 545
537 537
537 546
538 538
538 547
539 539
539 548
540 540
540 549
541 541
541 550
542 542
542 551
543 552
543 561
544 553
544 562
545 554
545 563
546 555
546 564
547 556
547 565
548 557
548 566
549 558
549 567
550 559
550 568
551 560
551 569
0 1 1
1 1 1
2 1 1
3 1 1
4 1 1
5 1 1
6 1 1
7 1 1
8 1 1
9 1 1
10 1 1
11 1 1
12 1 1
13 1 1
14 1 1
15 1 1
16 1 1
17 1 1
18 1 1
19 1 1
20 1 1
21 1 1
22 1 1
23 1 1
24 1 1
25 1 1
26 2 1
27 2 1
28 2 1
29 2 1
30 2 1
31 2 1
32 2 1
33 2 1
34 2 1
35 2 1
36 2 1
37 2 1
38 2 1
39 2 1
40 2 1
41 2 1
42 2 1
43 2 1
44 3 1
45 2 1
46 4 1
47 1 1
48 1 1
49 1 1
50 2 1
51 2 1
52 1 1
53 1 1
54 1 1
55 1 1
56 1 1
57 1 1
58 1 1
59 1 1
60 1 1
61 2 1
62 2 1
63 2 1
64 2 1
65 2 1
66 2 1
67 2 1
68 2 1
69 2 1
70 1 1
71 1 1
72 1 1
73 1 1
74 1 1
75 1 1
76 1 1
77 1 1
78 1 1
79 1 1
80 1 1
81 1 1
82 1 1
83 1 1
84 1 1
85 1 1
86 1 1
87 1 1
88 9 1
89 2 1
90 2 1
91 2 1
92 2 1
93 2 1
94 2 1
95 2 1
96 2 1
97 2 1
98 2 1
99 2 1
100 2 1
101 2 1
102 2 1
103 2 1
104 2 1
105 2 1
106 2 1
107 3 1
108 2 1
109 4 1
110 1 1
111 1 1
112 1 1
113 2 1
114 2 1
115 2 1
116 2 1
117 2 1
118 2 1
119 2 1
120 2 1
121 2 1
122 2 1
123 2 1
124 9 1
125 2 1
126 2 1
127 2 1
128 2 1
129 2 1
130 2 1
131 2 1
132 2 1
133 2 1
134 2 1
135 2 1
136 2 1
137 2 1
138 2 1
139 2 1
140 2 1
141 2 1
142 2 1
143 2 1
144 2 1
145 2 1
146 2 1
147 2 1
148 2 1
149 2 1
150 2 1
151 2 1
152 2 1
153 2 1
154 2 1
155 2 1
156 2 1
157 2 1
158 2 1
159 2 1
160 2 1
161 2 1
162 1 1
163 1 1
164 1 1
165 1 1
166 1 1
167 1 1
168 1 1
169 1 1
170 1 1
171 9 1
172 2 1
173 2 1
174 2 1
175 2 1
176 2 1
177 2 1
178 2 1
179 2 1
180 2 1
181 2 1
182 2 1
183 2 1
184 2 1
185 2 1
186 2 1
187 2 1
188 2 1
189 2 1
190 2 1
191 2 1
192 2 1
193 2 1
194 2 1
195 2 1
196 2 1
197 2 1
198 2 1
199 2 1
200 2 1
201 2 1
202 2 1
203 2 1
204 2 1
205 2 1
206 2 1
207 2 1
208 2 1
209 3 1
210 2 1
211 4 1
212 1 1
213 1 1
214 1 1
215 2 1
216 2 1
217 2 1
218 2 1
219 2 1
220 2 1
221 2 1
222 2 1
223 2 1
224 2 1
225 2 1
226 9 1
227 2 1
228 2 1
229 2 1
230 2 1
231 2 1
232 2 1
233 2 1
234 2 1
235 2 1
236 2 1
237 2 1
238 2 1
239 2 1
240 2 1
241 2 1
242 2 1
243 2 1
244 2 1
245 2 1
246 2 1
247 2 1
248 2 1
249 2 1
250 2 1
251 2 1
252 2 1
253 2 1
254 2 1
255 2 1
256 2 1
257 2 1
258 2 1
259 2 1
260 2 1
261 2 1
262 2 1
263 2 1
264 1 1
265 1 1
266 1 1
267 1 1
268 1 1
269 1 1
270 1 1
271 1 1
272 1 1
273 9 1
274 2 1
275 2 1
276 2 1
277 2 1
278 2 1
279 2 1
280 2 1
281 2 1
282 2 1
283 2 1
284 2 1
285 2 1
286 2 1
287 2 1
288 2 1
289 2 1
290 2 1
291 2 1
292 2 1
293 2 1
294 2 1
295 2 1
296 2 1
297 2 1
298 2 1
299 2 1
300 2 1
301 2 1
302 2 1
303 2 1
304 2 1
305 2 1
306 2 1
307 2 1
308 2 1
309 2 1
310 2 1
311 3 1
312 2 1
313 4 1
314 1 1
315 1 1
316 1 1
317 2 1
318 2 1
319 2 1
320 2 1
321 2 1
322 2 1
323 2 1
324 2 1
325 2 1
326 2 1
327 2 1
328 9 1
329 2 1
330 2 1
331 2 1
332 2 1
333 2 1
334 2 1
335 2 1
336 2 1
337 2 1
338 2 1
339 2 1
340 2 1
341 2 1
342 2 1
343 2 1
344 2 1
345 2 1
346 2 1
347 2 1
348 2 1
349 2 1
350 2 1
351 2 1
352 2 1
353 2 1
354 2 1
355 2 1
356 2 1
357 2 1
358 2 1
359 2 1
360 2 1
361 2 1
362 2 1
363 2 1
364 2 1
365 2 1
366 1 1
367 1 1
368 1 1
369 1 1
370 1 1
371 1 1
372 1 1
373 1 1
374 1 1
375 9 1
376 2 1
377 2 1
378 2 1
379 2 1
380 2 1
381 2 1
382 2 1
383 2 1
384 2 1
385 2 1
386 2 1
387 2 1
388 2 1
389 2 1
390 2 1
391 2 1
392 2 1
393 2 1
394 2 1
395 2 1
396 2 1
397 2 1
398 2 1
399 2 1
400 2 1
401 2 1
402 2 1
403 2 1
404 2 1
405 2 1
406 2 1
407 2 1
408 2 1
409 2 1
410 2 1
411 2 1
412 2 1
413 3 1
414 2 1
415 4 1
416 1 1
417 1 1
418 1 1
419 2 1
420 2 1
421 2 1
422 2 1
423 2 1
424 2 1
425 2 1
426 2 1
427 2 1
428 2 1
429 2 1
430 9 1
431 2 1
432 2 1
433 2 1
434 2 1
435 2 1
436 2 1
437 2 1
438 2 1
439 2 1
440 2 1
441 2 1
442 2 1
443 2 1
444 2 1
445 2 1
446 2 1
447 2 1
448 2 1
449 2 1
450 2 1
451 2 1
452 2 1
453 2 1
454 2 1
455 2 1
456 2 1
457 2 1
458 2 1
459 2 1
460 2 1
461 2 1
462 2 1
463 2 1
464 2 1
465 2 1
466 2 1
467 2 1
468 1 1
469 1 1
470 1 1
471 1 1
472 1 1
473 1 1
474 1 1
475 1 1
476 1 1
477 9 1
478 2 1
479 2 1
480 2 1
481 2 1
482 2 1
483 2 1
484 2 1
485 2 1
486 2 1
487 2 1
488 2 1
489 2 1
490 2 1
491 2 1
492 2 1
493 2 1
494 2 1
495 2 1
496 2 1
497 2 1
498 2 1
499 2 1
500 2 1
501 2 1
502 2 1
503 2 1
504 2 1
505 2 1
506 2 1
507 2 1
508 2 1
509 2 1
510 2 1
511 2 1
512 2 1
513 2 1
514 2 1
515 3 1
516 2 1
517 4 1
518 1 1
519 1 1
520 1 1
521 2 1
522 2 1
523 2 1
524 2 1
525 2 1
526 2 1
527 2 1
528 2 1
529 2 1
530 2 1
531 2 1
532 9 1
533 2 1
534 2 1
535 2 1
536 2 1
537 2 1
538 2 1
539 2 1
540 2 1
541 2 1
542 2 1
543 2 1
544 2 1
545 2 1
546 2 1
547 2 1
548 2 1
549 2 1
550 2 1
551 2 1
552 2 1
553 2 1
554 2 1
555 2 1
556 2 1
557 2 1
558 2 1
559 2 1
560 2 1
561 2 1
562 2 1
563 2 1
564 2 1
565 2 1
566 2 1
567 2 1
568 2 1
569 2 1
