%HyperDAG model of naive implementation of 4 iterations of the conjugate gradient method.
%The probability for having a nonzero in any cell of matrix A is 0.40
272 282 801
0 0
0 17
0 55
0 116
0 177
0 238
1 1
1 18
1 56
1 117
1 178
1 239
2 2
2 19
2 57
2 118
2 179
2 240
3 3
3 20
3 58
3 119
3 180
3 241
4 4
4 21
4 59
4 120
4 181
4 242
5 5
5 22
5 60
5 121
5 182
5 243
6 6
6 23
6 61
6 122
6 183
6 244
7 7
7 24
7 62
7 123
7 184
7 245
8 8
8 25
8 63
8 124
8 185
8 246
9 9
9 26
9 64
9 125
9 186
9 247
10 10
10 27
10 65
10 126
10 187
10 248
11 11
11 28
11 66
11 127
11 188
11 249
12 12
12 17
12 21
12 24
12 84
13 13
13 18
13 22
13 27
13 85
14 14
14 25
14 86
15 15
15 19
15 23
15 26
15 28
15 87
16 16
16 20
16 88
17 17
17 29
18 18
18 29
19 19
19 29
20 20
20 29
21 21
21 30
22 22
22 30
23 23
23 30
24 24
24 31
25 25
25 31
26 26
26 31
27 27
27 32
28 28
28 32
29 29
29 39
30 30
30 40
31 31
31 41
32 32
32 42
33 33
33 43
34 34
34 39
35 35
35 40
36 36
36 41
37 37
37 42
38 38
38 43
39 39
39 44
39 49
39 94
40 40
40 45
40 50
40 95
41 41
41 46
41 51
41 96
42 42
42 47
42 52
42 97
43 43
43 48
43 53
43 98
44 44
44 55
44 59
44 62
44 72
44 79
44 106
45 45
45 56
45 60
45 65
45 73
45 80
45 107
46 46
46 63
46 74
46 81
46 108
47 47
47 57
47 61
47 64
47 66
47 75
47 82
47 109
48 48
48 58
48 76
48 83
48 110
49 49
49 54
50 50
50 54
51 51
51 54
52 52
52 54
53 53
53 54
54 54
54 78
54 105
55 55
55 67
56 56
56 67
57 57
57 67
58 58
58 67
59 59
59 68
60 60
60 68
61 61
61 68
62 62
62 69
63 63
63 69
64 64
64 69
65 65
65 70
66 66
66 70
67 67
67 72
67 89
68 68
68 73
68 90
69 69
69 74
69 91
70 70
70 75
70 92
71 71
71 76
71 93
72 72
72 77
73 73
73 77
74 74
74 77
75 75
75 77
76 76
76 77
77 77
77 78
78 78
78 79
78 80
78 81
78 82
78 83
78 89
78 90
78 91
78 92
78 93
79 79
79 84
80 80
80 85
81 81
81 86
82 82
82 87
83 83
83 88
84 84
84 145
85 85
85 146
86 86
86 147
87 87
87 148
88 88
88 149
89 89
89 94
90 90
90 95
91 91
91 96
92 92
92 97
93 93
93 98
94 94
94 99
94 111
94 155
95 95
95 100
95 112
95 156
96 96
96 101
96 113
96 157
97 97
97 102
97 114
97 158
98 98
98 103
98 115
98 159
99 99
99 104
100 100
100 104
101 101
101 104
102 102
102 104
103 103
103 104
104 104
104 105
104 139
104 166
105 105
105 106
105 107
105 108
105 109
105 110
106 106
106 111
107 107
107 112
108 108
108 113
109 109
109 114
110 110
110 115
111 111
111 116
111 120
111 123
111 133
111 140
111 167
112 112
112 117
112 121
112 126
112 134
112 141
112 168
113 113
113 124
113 135
113 142
113 169
114 114
114 118
114 122
114 125
114 127
114 136
114 143
114 170
115 115
115 119
115 137
115 144
115 171
116 116
116 128
117 117
117 128
118 118
118 128
119 119
119 128
120 120
120 129
121 121
121 129
122 122
122 129
123 123
123 130
124 124
124 130
125 125
125 130
126 126
126 131
127 127
127 131
128 128
128 133
128 150
129 129
129 134
129 151
130 130
130 135
130 152
131 131
131 136
131 153
132 132
132 137
132 154
133 133
133 138
134 134
134 138
135 135
135 138
136 136
136 138
137 137
137 138
138 138
138 139
139 139
139 140
139 141
139 142
139 143
139 144
139 150
139 151
139 152
139 153
139 154
140 140
140 145
141 141
141 146
142 142
142 147
143 143
143 148
144 144
144 149
145 145
145 206
146 146
146 207
147 147
147 208
148 148
148 209
149 149
149 210
150 150
150 155
151 151
151 156
152 152
152 157
153 153
153 158
154 154
154 159
155 155
155 160
155 172
155 216
156 156
156 161
156 173
156 217
157 157
157 162
157 174
157 218
158 158
158 163
158 175
158 219
159 159
159 164
159 176
159 220
160 160
160 165
161 161
161 165
162 162
162 165
163 163
163 165
164 164
164 165
165 165
165 166
165 200
165 227
166 166
166 167
166 168
166 169
166 170
166 171
167 167
167 172
168 168
168 173
169 169
169 174
170 170
170 175
171 171
171 176
172 172
172 177
172 181
172 184
172 194
172 201
172 228
173 173
173 178
173 182
173 187
173 195
173 202
173 229
174 174
174 185
174 196
174 203
174 230
175 175
175 179
175 183
175 186
175 188
175 197
175 204
175 231
176 176
176 180
176 198
176 205
176 232
177 177
177 189
178 178
178 189
179 179
179 189
180 180
180 189
181 181
181 190
182 182
182 190
183 183
183 190
184 184
184 191
185 185
185 191
186 186
186 191
187 187
187 192
188 188
188 192
189 189
189 194
189 211
190 190
190 195
190 212
191 191
191 196
191 213
192 192
192 197
192 214
193 193
193 198
193 215
194 194
194 199
195 195
195 199
196 196
196 199
197 197
197 199
198 198
198 199
199 199
199 200
200 200
200 201
200 202
200 203
200 204
200 205
200 211
200 212
200 213
200 214
200 215
201 201
201 206
202 202
202 207
203 203
203 208
204 204
204 209
205 205
205 210
206 206
206 267
207 207
207 268
208 208
208 269
209 209
209 270
210 210
210 271
211 211
211 216
212 212
212 217
213 213
213 218
214 214
214 219
215 215
215 220
216 216
216 221
216 233
216 277
217 217
217 222
217 234
217 278
218 218
218 223
218 235
218 279
219 219
219 224
219 236
219 280
220 220
220 225
220 237
220 281
221 221
221 226
222 222
222 226
223 223
223 226
224 224
224 226
225 225
225 226
226 226
226 227
226 261
227 227
227 228
227 229
227 230
227 231
227 232
228 228
228 233
229 229
229 234
230 230
230 235
231 231
231 236
232 232
232 237
233 233
233 238
233 242
233 245
233 255
233 262
234 234
234 239
234 243
234 248
234 256
234 263
235 235
235 246
235 257
235 264
236 236
236 240
236 244
236 247
236 249
236 258
236 265
237 237
237 241
237 259
237 266
238 238
238 250
239 239
239 250
240 240
240 250
241 241
241 250
242 242
242 251
243 243
243 251
244 244
244 251
245 245
245 252
246 246
246 252
247 247
247 252
248 248
248 253
249 249
249 253
250 250
250 255
250 272
251 251
251 256
251 273
252 252
252 257
252 274
253 253
253 258
253 275
254 254
254 259
254 276
255 255
255 260
256 256
256 260
257 257
257 260
258 258
258 260
259 259
259 260
260 260
260 261
261 261
261 262
261 263
261 264
261 265
261 266
261 272
261 273
261 274
261 275
261 276
262 262
262 267
263 263
263 268
264 264
264 269
265 265
265 270
266 266
266 271
267 272
267 277
268 273
268 278
269 274
269 279
270 275
270 280
271 276
271 281
0 1 1
1 1 1
2 1 1
3 1 1
4 1 1
5 1 1
6 1 1
7 1 1
8 1 1
9 1 1
10 1 1
11 1 1
12 1 1
13 1 1
14 1 1
15 1 1
16 1 1
17 2 1
18 2 1
19 2 1
20 2 1
21 2 1
22 2 1
23 2 1
24 2 1
25 2 1
26 2 1
27 2 1
28 2 1
29 4 1
30 3 1
31 3 1
32 2 1
33 1 1
34 1 1
35 1 1
36 1 1
37 1 1
38 1 1
39 2 1
40 2 1
41 2 1
42 2 1
43 2 1
44 1 1
45 1 1
46 1 1
47 1 1
48 1 1
49 1 1
50 1 1
51 1 1
52 1 1
53 1 1
54 5 1
55 2 1
56 2 1
57 2 1
58 2 1
59 2 1
60 2 1
61 2 1
62 2 1
63 2 1
64 2 1
65 2 1
66 2 1
67 4 1
68 3 1
69 3 1
70 2 1
71 1 1
72 2 1
73 2 1
74 2 1
75 2 1
76 2 1
77 5 1
78 2 1
79 2 1
80 2 1
81 2 1
82 2 1
83 2 1
84 2 1
85 2 1
86 2 1
87 2 1
88 2 1
89 2 1
90 2 1
91 2 1
92 2 1
93 2 1
94 2 1
95 2 1
96 2 1
97 2 1
98 2 1
99 1 1
100 1 1
101 1 1
102 1 1
103 1 1
104 5 1
105 2 1
106 2 1
107 2 1
108 2 1
109 2 1
110 2 1
111 2 1
112 2 1
113 2 1
114 2 1
115 2 1
116 2 1
117 2 1
118 2 1
119 2 1
120 2 1
121 2 1
122 2 1
123 2 1
124 2 1
125 2 1
126 2 1
127 2 1
128 4 1
129 3 1
130 3 1
131 2 1
132 1 1
133 2 1
134 2 1
135 2 1
136 2 1
137 2 1
138 5 1
139 2 1
140 2 1
141 2 1
142 2 1
143 2 1
144 2 1
145 2 1
146 2 1
147 2 1
148 2 1
149 2 1
150 2 1
151 2 1
152 2 1
153 2 1
154 2 1
155 2 1
156 2 1
157 2 1
158 2 1
159 2 1
160 1 1
161 1 1
162 1 1
163 1 1
164 1 1
165 5 1
166 2 1
167 2 1
168 2 1
169 2 1
170 2 1
171 2 1
172 2 1
173 2 1
174 2 1
175 2 1
176 2 1
177 2 1
178 2 1
179 2 1
180 2 1
181 2 1
182 2 1
183 2 1
184 2 1
185 2 1
186 2 1
187 2 1
188 2 1
189 4 1
190 3 1
191 3 1
192 2 1
193 1 1
194 2 1
195 2 1
196 2 1
197 2 1
198 2 1
199 5 1
200 2 1
201 2 1
202 2 1
203 2 1
204 2 1
205 2 1
206 2 1
207 2 1
208 2 1
209 2 1
210 2 1
211 2 1
212 2 1
213 2 1
214 2 1
215 2 1
216 2 1
217 2 1
218 2 1
219 2 1
220 2 1
221 1 1
222 1 1
223 1 1
224 1 1
225 1 1
226 5 1
227 2 1
228 2 1
229 2 1
230 2 1
231 2 1
232 2 1
233 2 1
234 2 1
235 2 1
236 2 1
237 2 1
238 2 1
239 2 1
240 2 1
241 2 1
242 2 1
243 2 1
244 2 1
245 2 1
246 2 1
247 2 1
248 2 1
249 2 1
250 4 1
251 3 1
252 3 1
253 2 1
254 1 1
255 2 1
256 2 1
257 2 1
258 2 1
259 2 1
260 5 1
261 2 1
262 2 1
263 2 1
264 2 1
265 2 1
266 2 1
267 2 1
268 2 1
269 2 1
270 2 1
271 2 1
272 2 1
273 2 1
274 2 1
275 2 1
276 2 1
277 2 1
278 2 1
279 2 1
280 2 1
281 2 1
