%HyperDAG model of SpMV operation.
%The probability for having a nonzero in any cell of matrix A is 0.18
429 464 1020
0 0
0 36
0 104
0 120
0 134
0 210
0 400
0 412
1 1
1 166
1 194
1 380
1 424
2 2
2 66
2 402
3 3
3 38
3 106
3 224
3 250
3 304
3 382
4 4
4 58
4 212
4 252
4 290
5 5
5 254
5 352
6 6
6 68
6 116
6 196
6 204
6 258
6 268
6 306
6 368
6 384
6 426
7 7
7 82
7 96
7 136
7 270
7 354
8 8
8 138
8 292
8 308
8 370
9 9
9 84
9 180
9 272
9 318
9 356
10 10
10 40
10 146
10 168
11 11
11 70
11 182
11 310
11 328
11 404
12 12
12 42
12 184
12 226
12 372
13 13
13 44
13 98
13 170
13 214
13 236
13 320
13 330
13 362
13 374
13 406
13 414
14 14
14 72
14 216
14 260
14 274
14 342
14 376
15 15
15 74
15 122
15 186
15 262
16 16
16 76
16 86
16 140
16 238
16 332
16 386
17 17
17 124
18 18
18 46
18 78
18 126
18 172
18 276
18 294
18 312
19 19
19 158
19 188
19 240
19 244
20 20
20 128
20 174
20 228
20 336
20 344
20 364
20 388
21 21
21 190
21 428
22 22
22 108
22 176
22 358
22 390
22 408
22 416
23 23
23 60
23 278
23 346
23 392
23 418
24 24
24 88
24 100
24 142
24 178
24 198
24 218
24 246
24 280
24 296
24 322
25 25
25 48
25 110
25 200
25 230
25 282
25 298
25 378
26 26
26 80
26 130
26 148
26 192
26 220
26 232
26 256
26 284
26 338
27 27
27 50
27 348
27 420
28 28
28 62
28 102
28 150
28 206
28 264
28 314
28 394
29 29
29 90
30 30
30 52
30 112
30 118
30 132
30 160
30 202
30 208
30 286
30 324
30 350
31 31
31 54
31 92
31 152
31 162
31 222
31 248
31 266
31 288
31 334
31 340
31 366
31 396
32 32
32 56
32 114
32 144
32 154
32 300
32 316
32 360
33 33
33 64
33 94
33 156
33 234
33 410
34 34
34 164
34 242
34 302
34 326
34 398
34 422
35 35
35 36
36 36
36 429
37 37
37 38
38 38
38 429
39 39
39 40
40 40
40 429
41 41
41 42
42 42
42 429
43 43
43 44
44 44
44 429
45 45
45 46
46 46
46 429
47 47
47 48
48 48
48 429
49 49
49 50
50 50
50 429
51 51
51 52
52 52
52 429
53 53
53 54
54 54
54 429
55 55
55 56
56 56
56 429
57 57
57 58
58 58
58 430
59 59
59 60
60 60
60 430
61 61
61 62
62 62
62 430
63 63
63 64
64 64
64 430
65 65
65 66
66 66
66 431
67 67
67 68
68 68
68 431
69 69
69 70
70 70
70 431
71 71
71 72
72 72
72 431
73 73
73 74
74 74
74 431
75 75
75 76
76 76
76 431
77 77
77 78
78 78
78 431
79 79
79 80
80 80
80 431
81 81
81 82
82 82
82 432
83 83
83 84
84 84
84 432
85 85
85 86
86 86
86 432
87 87
87 88
88 88
88 432
89 89
89 90
90 90
90 432
91 91
91 92
92 92
92 432
93 93
93 94
94 94
94 432
95 95
95 96
96 96
96 433
97 97
97 98
98 98
98 433
99 99
99 100
100 100
100 433
101 101
101 102
102 102
102 433
103 103
103 104
104 104
104 434
105 105
105 106
106 106
106 434
107 107
107 108
108 108
108 434
109 109
109 110
110 110
110 434
111 111
111 112
112 112
112 434
113 113
113 114
114 114
114 434
115 115
115 116
116 116
116 435
117 117
117 118
118 118
118 435
119 119
119 120
120 120
120 436
121 121
121 122
122 122
122 436
123 123
123 124
124 124
124 436
125 125
125 126
126 126
126 436
127 127
127 128
128 128
128 436
129 129
129 130
130 130
130 436
131 131
131 132
132 132
132 436
133 133
133 134
134 134
134 437
135 135
135 136
136 136
136 437
137 137
137 138
138 138
138 437
139 139
139 140
140 140
140 437
141 141
141 142
142 142
142 437
143 143
143 144
144 144
144 437
145 145
145 146
146 146
146 438
147 147
147 148
148 148
148 438
149 149
149 150
150 150
150 438
151 151
151 152
152 152
152 438
153 153
153 154
154 154
154 438
155 155
155 156
156 156
156 438
157 157
157 158
158 158
158 439
159 159
159 160
160 160
160 439
161 161
161 162
162 162
162 439
163 163
163 164
164 164
164 439
165 165
165 166
166 166
166 440
167 167
167 168
168 168
168 440
169 169
169 170
170 170
170 440
171 171
171 172
172 172
172 440
173 173
173 174
174 174
174 440
175 175
175 176
176 176
176 440
177 177
177 178
178 178
178 440
179 179
179 180
180 180
180 441
181 181
181 182
182 182
182 441
183 183
183 184
184 184
184 441
185 185
185 186
186 186
186 441
187 187
187 188
188 188
188 441
189 189
189 190
190 190
190 441
191 191
191 192
192 192
192 441
193 193
193 194
194 194
194 442
195 195
195 196
196 196
196 442
197 197
197 198
198 198
198 442
199 199
199 200
200 200
200 442
201 201
201 202
202 202
202 442
203 203
203 204
204 204
204 443
205 205
205 206
206 206
206 443
207 207
207 208
208 208
208 443
209 209
209 210
210 210
210 444
211 211
211 212
212 212
212 444
213 213
213 214
214 214
214 444
215 215
215 216
216 216
216 444
217 217
217 218
218 218
218 444
219 219
219 220
220 220
220 444
221 221
221 222
222 222
222 444
223 223
223 224
224 224
224 445
225 225
225 226
226 226
226 445
227 227
227 228
228 228
228 445
229 229
229 230
230 230
230 445
231 231
231 232
232 232
232 445
233 233
233 234
234 234
234 445
235 235
235 236
236 236
236 446
237 237
237 238
238 238
238 446
239 239
239 240
240 240
240 446
241 241
241 242
242 242
242 446
243 243
243 244
244 244
244 447
245 245
245 246
246 246
246 447
247 247
247 248
248 248
248 447
249 249
249 250
250 250
250 448
251 251
251 252
252 252
252 448
253 253
253 254
254 254
254 448
255 255
255 256
256 256
256 448
257 257
257 258
258 258
258 449
259 259
259 260
260 260
260 449
261 261
261 262
262 262
262 449
263 263
263 264
264 264
264 449
265 265
265 266
266 266
266 449
267 267
267 268
268 268
268 450
269 269
269 270
270 270
270 450
271 271
271 272
272 272
272 450
273 273
273 274
274 274
274 450
275 275
275 276
276 276
276 450
277 277
277 278
278 278
278 450
279 279
279 280
280 280
280 450
281 281
281 282
282 282
282 450
283 283
283 284
284 284
284 450
285 285
285 286
286 286
286 450
287 287
287 288
288 288
288 450
289 289
289 290
290 290
290 451
291 291
291 292
292 292
292 451
293 293
293 294
294 294
294 451
295 295
295 296
296 296
296 451
297 297
297 298
298 298
298 451
299 299
299 300
300 300
300 451
301 301
301 302
302 302
302 451
303 303
303 304
304 304
304 452
305 305
305 306
306 306
306 452
307 307
307 308
308 308
308 452
309 309
309 310
310 310
310 452
311 311
311 312
312 312
312 452
313 313
313 314
314 314
314 452
315 315
315 316
316 316
316 452
317 317
317 318
318 318
318 453
319 319
319 320
320 320
320 453
321 321
321 322
322 322
322 453
323 323
323 324
324 324
324 453
325 325
325 326
326 326
326 453
327 327
327 328
328 328
328 454
329 329
329 330
330 330
330 454
331 331
331 332
332 332
332 454
333 333
333 334
334 334
334 454
335 335
335 336
336 336
336 455
337 337
337 338
338 338
338 455
339 339
339 340
340 340
340 455
341 341
341 342
342 342
342 456
343 343
343 344
344 344
344 456
345 345
345 346
346 346
346 456
347 347
347 348
348 348
348 456
349 349
349 350
350 350
350 456
351 351
351 352
352 352
352 457
353 353
353 354
354 354
354 457
355 355
355 356
356 356
356 457
357 357
357 358
358 358
358 457
359 359
359 360
360 360
360 457
361 361
361 362
362 362
362 458
363 363
363 364
364 364
364 458
365 365
365 366
366 366
366 458
367 367
367 368
368 368
368 459
369 369
369 370
370 370
370 459
371 371
371 372
372 372
372 459
373 373
373 374
374 374
374 459
375 375
375 376
376 376
376 459
377 377
377 378
378 378
378 459
379 379
379 380
380 380
380 460
381 381
381 382
382 382
382 460
383 383
383 384
384 384
384 460
385 385
385 386
386 386
386 460
387 387
387 388
388 388
388 460
389 389
389 390
390 390
390 460
391 391
391 392
392 392
392 460
393 393
393 394
394 394
394 460
395 395
395 396
396 396
396 460
397 397
397 398
398 398
398 460
399 399
399 400
400 400
400 461
401 401
401 402
402 402
402 461
403 403
403 404
404 404
404 461
405 405
405 406
406 406
406 461
407 407
407 408
408 408
408 461
409 409
409 410
410 410
410 461
411 411
411 412
412 412
412 462
413 413
413 414
414 414
414 462
415 415
415 416
416 416
416 462
417 417
417 418
418 418
418 462
419 419
419 420
420 420
420 462
421 421
421 422
422 422
422 462
423 423
423 424
424 424
424 463
425 425
425 426
426 426
426 463
427 427
427 428
428 428
428 463
0 1 1
1 1 1
2 1 1
3 1 1
4 1 1
5 1 1
6 1 1
7 1 1
8 1 1
9 1 1
10 1 1
11 1 1
12 1 1
13 1 1
14 1 1
15 1 1
16 1 1
17 1 1
18 1 1
19 1 1
20 1 1
21 1 1
22 1 1
23 1 1
24 1 1
25 1 1
26 1 1
27 1 1
28 1 1
29 1 1
30 1 1
31 1 1
32 1 1
33 1 1
34 1 1
35 1 1
36 2 1
37 1 1
38 2 1
39 1 1
40 2 1
41 1 1
42 2 1
43 1 1
44 2 1
45 1 1
46 2 1
47 1 1
48 2 1
49 1 1
50 2 1
51 1 1
52 2 1
53 1 1
54 2 1
55 1 1
56 2 1
57 1 1
58 2 1
59 1 1
60 2 1
61 1 1
62 2 1
63 1 1
64 2 1
65 1 1
66 2 1
67 1 1
68 2 1
69 1 1
70 2 1
71 1 1
72 2 1
73 1 1
74 2 1
75 1 1
76 2 1
77 1 1
78 2 1
79 1 1
80 2 1
81 1 1
82 2 1
83 1 1
84 2 1
85 1 1
86 2 1
87 1 1
88 2 1
89 1 1
90 2 1
91 1 1
92 2 1
93 1 1
94 2 1
95 1 1
96 2 1
97 1 1
98 2 1
99 1 1
100 2 1
101 1 1
102 2 1
103 1 1
104 2 1
105 1 1
106 2 1
107 1 1
108 2 1
109 1 1
110 2 1
111 1 1
112 2 1
113 1 1
114 2 1
115 1 1
116 2 1
117 1 1
118 2 1
119 1 1
120 2 1
121 1 1
122 2 1
123 1 1
124 2 1
125 1 1
126 2 1
127 1 1
128 2 1
129 1 1
130 2 1
131 1 1
132 2 1
133 1 1
134 2 1
135 1 1
136 2 1
137 1 1
138 2 1
139 1 1
140 2 1
141 1 1
142 2 1
143 1 1
144 2 1
145 1 1
146 2 1
147 1 1
148 2 1
149 1 1
150 2 1
151 1 1
152 2 1
153 1 1
154 2 1
155 1 1
156 2 1
157 1 1
158 2 1
159 1 1
160 2 1
161 1 1
162 2 1
163 1 1
164 2 1
165 1 1
166 2 1
167 1 1
168 2 1
169 1 1
170 2 1
171 1 1
172 2 1
173 1 1
174 2 1
175 1 1
176 2 1
177 1 1
178 2 1
179 1 1
180 2 1
181 1 1
182 2 1
183 1 1
184 2 1
185 1 1
186 2 1
187 1 1
188 2 1
189 1 1
190 2 1
191 1 1
192 2 1
193 1 1
194 2 1
195 1 1
196 2 1
197 1 1
198 2 1
199 1 1
200 2 1
201 1 1
202 2 1
203 1 1
204 2 1
205 1 1
206 2 1
207 1 1
208 2 1
209 1 1
210 2 1
211 1 1
212 2 1
213 1 1
214 2 1
215 1 1
216 2 1
217 1 1
218 2 1
219 1 1
220 2 1
221 1 1
222 2 1
223 1 1
224 2 1
225 1 1
226 2 1
227 1 1
228 2 1
229 1 1
230 2 1
231 1 1
232 2 1
233 1 1
234 2 1
235 1 1
236 2 1
237 1 1
238 2 1
239 1 1
240 2 1
241 1 1
242 2 1
243 1 1
244 2 1
245 1 1
246 2 1
247 1 1
248 2 1
249 1 1
250 2 1
251 1 1
252 2 1
253 1 1
254 2 1
255 1 1
256 2 1
257 1 1
258 2 1
259 1 1
260 2 1
261 1 1
262 2 1
263 1 1
264 2 1
265 1 1
266 2 1
267 1 1
268 2 1
269 1 1
270 2 1
271 1 1
272 2 1
273 1 1
274 2 1
275 1 1
276 2 1
277 1 1
278 2 1
279 1 1
280 2 1
281 1 1
282 2 1
283 1 1
284 2 1
285 1 1
286 2 1
287 1 1
288 2 1
289 1 1
290 2 1
291 1 1
292 2 1
293 1 1
294 2 1
295 1 1
296 2 1
297 1 1
298 2 1
299 1 1
300 2 1
301 1 1
302 2 1
303 1 1
304 2 1
305 1 1
306 2 1
307 1 1
308 2 1
309 1 1
310 2 1
311 1 1
312 2 1
313 1 1
314 2 1
315 1 1
316 2 1
317 1 1
318 2 1
319 1 1
320 2 1
321 1 1
322 2 1
323 1 1
324 2 1
325 1 1
326 2 1
327 1 1
328 2 1
329 1 1
330 2 1
331 1 1
332 2 1
333 1 1
334 2 1
335 1 1
336 2 1
337 1 1
338 2 1
339 1 1
340 2 1
341 1 1
342 2 1
343 1 1
344 2 1
345 1 1
346 2 1
347 1 1
348 2 1
349 1 1
350 2 1
351 1 1
352 2 1
353 1 1
354 2 1
355 1 1
356 2 1
357 1 1
358 2 1
359 1 1
360 2 1
361 1 1
362 2 1
363 1 1
364 2 1
365 1 1
366 2 1
367 1 1
368 2 1
369 1 1
370 2 1
371 1 1
372 2 1
373 1 1
374 2 1
375 1 1
376 2 1
377 1 1
378 2 1
379 1 1
380 2 1
381 1 1
382 2 1
383 1 1
384 2 1
385 1 1
386 2 1
387 1 1
388 2 1
389 1 1
390 2 1
391 1 1
392 2 1
393 1 1
394 2 1
395 1 1
396 2 1
397 1 1
398 2 1
399 1 1
400 2 1
401 1 1
402 2 1
403 1 1
404 2 1
405 1 1
406 2 1
407 1 1
408 2 1
409 1 1
410 2 1
411 1 1
412 2 1
413 1 1
414 2 1
415 1 1
416 2 1
417 1 1
418 2 1
419 1 1
420 2 1
421 1 1
422 2 1
423 1 1
424 2 1
425 1 1
426 2 1
427 1 1
428 2 1
429 11 1
430 4 1
431 8 1
432 7 1
433 4 1
434 6 1
435 2 1
436 7 1
437 6 1
438 6 1
439 4 1
440 7 1
441 7 1
442 5 1
443 3 1
444 7 1
445 6 1
446 4 1
447 3 1
448 4 1
449 5 1
450 11 1
451 7 1
452 7 1
453 5 1
454 4 1
455 3 1
456 5 1
457 5 1
458 3 1
459 6 1
460 10 1
461 6 1
462 6 1
463 3 1
