%HyperDAG model of naive implementation of A^4 *v with sparse matrix A and dense vector v.
%The probability for having a nonzero in any cell of matrix A is 0.15
526 551 1549
0 0
0 113
0 221
0 329
0 437
1 1
1 114
1 222
1 330
1 438
2 2
2 115
2 223
2 331
2 439
3 3
3 116
3 224
3 332
3 440
4 4
4 117
4 225
4 333
4 441
5 5
5 118
5 226
5 334
5 442
6 6
6 119
6 227
6 335
6 443
7 7
7 120
7 228
7 336
7 444
8 8
8 121
8 229
8 337
8 445
9 9
9 122
9 230
9 338
9 446
10 10
10 123
10 231
10 339
10 447
11 11
11 124
11 232
11 340
11 448
12 12
12 125
12 233
12 341
12 449
13 13
13 126
13 234
13 342
13 450
14 14
14 127
14 235
14 343
14 451
15 15
15 128
15 236
15 344
15 452
16 16
16 129
16 237
16 345
16 453
17 17
17 130
17 238
17 346
17 454
18 18
18 131
18 239
18 347
18 455
19 19
19 132
19 240
19 348
19 456
20 20
20 133
20 241
20 349
20 457
21 21
21 134
21 242
21 350
21 458
22 22
22 135
22 243
22 351
22 459
23 23
23 136
23 244
23 352
23 460
24 24
24 137
24 245
24 353
24 461
25 25
25 138
25 246
25 354
25 462
26 26
26 139
26 247
26 355
26 463
27 27
27 140
27 248
27 356
27 464
28 28
28 141
28 249
28 357
28 465
29 29
29 142
29 250
29 358
29 466
30 30
30 143
30 251
30 359
30 467
31 31
31 144
31 252
31 360
31 468
32 32
32 145
32 253
32 361
32 469
33 33
33 146
33 254
33 362
33 470
34 34
34 147
34 255
34 363
34 471
35 35
35 148
35 256
35 364
35 472
36 36
36 149
36 257
36 365
36 473
37 37
37 150
37 258
37 366
37 474
38 38
38 151
38 259
38 367
38 475
39 39
39 152
39 260
39 368
39 476
40 40
40 153
40 261
40 369
40 477
41 41
41 154
41 262
41 370
41 478
42 42
42 155
42 263
42 371
42 479
43 43
43 156
43 264
43 372
43 480
44 44
44 157
44 265
44 373
44 481
45 45
45 158
45 266
45 374
45 482
46 46
46 159
46 267
46 375
46 483
47 47
47 160
47 268
47 376
47 484
48 48
48 161
48 269
48 377
48 485
49 49
49 162
49 270
49 378
49 486
50 50
50 163
50 271
50 379
50 487
51 51
51 164
51 272
51 380
51 488
52 52
52 165
52 273
52 381
52 489
53 53
53 166
53 274
53 382
53 490
54 54
54 167
54 275
54 383
54 491
55 55
55 168
55 276
55 384
55 492
56 56
56 169
56 277
56 385
56 493
57 57
57 170
57 278
57 386
57 494
58 58
58 171
58 279
58 387
58 495
59 59
59 172
59 280
59 388
59 496
60 60
60 173
60 281
60 389
60 497
61 61
61 174
61 282
61 390
61 498
62 62
62 499
63 63
63 500
64 64
64 501
65 65
65 502
66 66
66 503
67 67
67 175
67 283
67 391
67 504
68 68
68 176
68 284
68 392
68 505
69 69
69 177
69 285
69 393
69 506
70 70
70 178
70 286
70 394
70 507
71 71
71 179
71 287
71 395
71 508
72 72
72 180
72 288
72 396
72 509
73 73
73 181
73 289
73 397
73 510
74 74
74 182
74 290
74 398
74 511
75 75
75 183
75 291
75 399
75 512
76 76
76 184
76 292
76 400
76 513
77 77
77 185
77 293
77 401
77 514
78 78
78 186
78 294
78 402
78 515
79 79
79 187
79 295
79 403
79 516
80 80
80 188
80 296
80 404
80 517
81 81
81 189
81 297
81 405
81 518
82 82
82 190
82 298
82 406
82 519
83 83
83 191
83 299
83 407
83 520
84 84
84 192
84 300
84 408
84 521
85 85
85 193
85 301
85 409
85 522
86 86
86 194
86 302
86 410
86 523
87 87
87 195
87 303
87 411
87 524
88 88
88 196
88 304
88 412
88 525
89 89
89 113
89 118
89 145
89 148
89 157
89 163
89 183
90 90
90 127
90 188
91 91
91 119
92 92
92 114
92 142
92 146
92 172
93 93
93 137
93 161
93 177
93 184
94 94
94 120
94 169
94 178
94 192
95 95
95 121
95 128
95 175
95 189
96 96
96 122
96 149
96 173
97 97
97 124
97 195
98 98
98 129
98 138
98 170
98 174
99 99
99 130
99 152
99 179
99 193
100 100
100 131
100 139
100 171
100 176
100 194
101 101
101 115
101 134
101 153
101 158
101 162
102 102
102 116
102 125
102 132
102 140
102 154
102 159
102 185
102 190
103 103
103 123
103 135
103 143
103 186
103 196
104 104
104 150
104 155
105 105
105 164
106 106
106 117
106 144
106 165
106 181
107 107
107 168
108 108
108 151
108 182
109 109
109 133
109 136
109 156
109 160
109 180
110 110
110 126
110 141
110 147
110 166
110 191
111 111
111 167
112 112
112 187
113 113
113 197
114 114
114 197
115 115
115 197
116 116
116 197
117 117
117 197
118 118
118 198
119 119
119 198
120 120
120 198
121 121
121 198
122 122
122 198
123 123
123 198
124 124
124 199
125 125
125 199
126 126
126 199
127 127
127 200
128 128
128 200
129 129
129 200
130 130
130 200
131 131
131 200
132 132
132 200
133 133
133 200
134 134
134 201
135 135
135 201
136 136
136 201
137 137
137 202
138 138
138 202
139 139
139 202
140 140
140 202
141 141
141 202
142 142
142 203
143 143
143 203
144 144
144 203
145 145
145 204
146 146
146 204
147 147
147 204
148 148
148 205
149 149
149 205
150 150
150 206
151 151
151 206
152 152
152 207
153 153
153 207
154 154
154 207
155 155
155 207
156 156
156 207
157 157
157 208
158 158
158 208
159 159
159 208
160 160
160 208
161 161
161 209
162 162
162 209
163 163
163 210
164 164
164 210
165 165
165 210
166 166
166 210
167 167
167 210
168 168
168 211
169 169
169 212
170 170
170 212
171 171
171 212
172 172
172 213
173 173
173 213
174 174
174 213
175 175
175 214
176 176
176 214
177 177
177 215
178 178
178 215
179 179
179 215
180 180
180 215
181 181
181 216
182 182
182 216
183 183
183 217
184 184
184 217
185 185
185 217
186 186
186 217
187 187
187 217
188 188
188 218
189 189
189 218
190 190
190 218
191 191
191 218
192 192
192 219
193 193
193 219
194 194
194 219
195 195
195 220
196 196
196 220
197 197
197 221
197 226
197 253
197 256
197 265
197 271
197 291
198 198
198 235
198 296
199 199
199 227
200 200
200 222
200 250
200 254
200 280
201 201
201 245
201 269
201 285
201 292
202 202
202 228
202 277
202 286
202 300
203 203
203 229
203 236
203 283
203 297
204 204
204 230
204 257
204 281
205 205
205 232
205 303
206 206
206 237
206 246
206 278
206 282
207 207
207 238
207 260
207 287
207 301
208 208
208 239
208 247
208 279
208 284
208 302
209 209
209 223
209 242
209 261
209 266
209 270
210 210
210 224
210 233
210 240
210 248
210 262
210 267
210 293
210 298
211 211
211 231
211 243
211 251
211 294
211 304
212 212
212 258
212 263
213 213
213 272
214 214
214 225
214 252
214 273
214 289
215 215
215 276
216 216
216 259
216 290
217 217
217 241
217 244
217 264
217 268
217 288
218 218
218 234
218 249
218 255
218 274
218 299
219 219
219 275
220 220
220 295
221 221
221 305
222 222
222 305
223 223
223 305
224 224
224 305
225 225
225 305
226 226
226 306
227 227
227 306
228 228
228 306
229 229
229 306
230 230
230 306
231 231
231 306
232 232
232 307
233 233
233 307
234 234
234 307
235 235
235 308
236 236
236 308
237 237
237 308
238 238
238 308
239 239
239 308
240 240
240 308
241 241
241 308
242 242
242 309
243 243
243 309
244 244
244 309
245 245
245 310
246 246
246 310
247 247
247 310
248 248
248 310
249 249
249 310
250 250
250 311
251 251
251 311
252 252
252 311
253 253
253 312
254 254
254 312
255 255
255 312
256 256
256 313
257 257
257 313
258 258
258 314
259 259
259 314
260 260
260 315
261 261
261 315
262 262
262 315
263 263
263 315
264 264
264 315
265 265
265 316
266 266
266 316
267 267
267 316
268 268
268 316
269 269
269 317
270 270
270 317
271 271
271 318
272 272
272 318
273 273
273 318
274 274
274 318
275 275
275 318
276 276
276 319
277 277
277 320
278 278
278 320
279 279
279 320
280 280
280 321
281 281
281 321
282 282
282 321
283 283
283 322
284 284
284 322
285 285
285 323
286 286
286 323
287 287
287 323
288 288
288 323
289 289
289 324
290 290
290 324
291 291
291 325
292 292
292 325
293 293
293 325
294 294
294 325
295 295
295 325
296 296
296 326
297 297
297 326
298 298
298 326
299 299
299 326
300 300
300 327
301 301
301 327
302 302
302 327
303 303
303 328
304 304
304 328
305 305
305 329
305 334
305 361
305 364
305 373
305 379
305 399
306 306
306 343
306 404
307 307
307 335
308 308
308 330
308 358
308 362
308 388
309 309
309 353
309 377
309 393
309 400
310 310
310 336
310 385
310 394
310 408
311 311
311 337
311 344
311 391
311 405
312 312
312 338
312 365
312 389
313 313
313 340
313 411
314 314
314 345
314 354
314 386
314 390
315 315
315 346
315 368
315 395
315 409
316 316
316 347
316 355
316 387
316 392
316 410
317 317
317 331
317 350
317 369
317 374
317 378
318 318
318 332
318 341
318 348
318 356
318 370
318 375
318 401
318 406
319 319
319 339
319 351
319 359
319 402
319 412
320 320
320 366
320 371
321 321
321 380
322 322
322 333
322 360
322 381
322 397
323 323
323 384
324 324
324 367
324 398
325 325
325 349
325 352
325 372
325 376
325 396
326 326
326 342
326 357
326 363
326 382
326 407
327 327
327 383
328 328
328 403
329 329
329 413
330 330
330 413
331 331
331 413
332 332
332 413
333 333
333 413
334 334
334 414
335 335
335 414
336 336
336 414
337 337
337 414
338 338
338 414
339 339
339 414
340 340
340 415
341 341
341 415
342 342
342 415
343 343
343 416
344 344
344 416
345 345
345 416
346 346
346 416
347 347
347 416
348 348
348 416
349 349
349 416
350 350
350 417
351 351
351 417
352 352
352 417
353 353
353 418
354 354
354 418
355 355
355 418
356 356
356 418
357 357
357 418
358 358
358 419
359 359
359 419
360 360
360 419
361 361
361 420
362 362
362 420
363 363
363 420
364 364
364 421
365 365
365 421
366 366
366 422
367 367
367 422
368 368
368 423
369 369
369 423
370 370
370 423
371 371
371 423
372 372
372 423
373 373
373 424
374 374
374 424
375 375
375 424
376 376
376 424
377 377
377 425
378 378
378 425
379 379
379 426
380 380
380 426
381 381
381 426
382 382
382 426
383 383
383 426
384 384
384 427
385 385
385 428
386 386
386 428
387 387
387 428
388 388
388 429
389 389
389 429
390 390
390 429
391 391
391 430
392 392
392 430
393 393
393 431
394 394
394 431
395 395
395 431
396 396
396 431
397 397
397 432
398 398
398 432
399 399
399 433
400 400
400 433
401 401
401 433
402 402
402 433
403 403
403 433
404 404
404 434
405 405
405 434
406 406
406 434
407 407
407 434
408 408
408 435
409 409
409 435
410 410
410 435
411 411
411 436
412 412
412 436
413 413
413 437
413 442
413 469
413 472
413 481
413 487
413 512
414 414
414 451
414 517
415 415
415 443
416 416
416 438
416 466
416 470
416 496
417 417
417 461
417 485
417 499
417 506
417 513
418 418
418 444
418 493
418 507
418 521
419 419
419 445
419 452
419 504
419 518
420 420
420 446
420 473
420 497
420 500
421 421
421 448
421 524
422 422
422 453
422 462
422 494
422 498
423 423
423 454
423 476
423 508
423 522
424 424
424 455
424 463
424 495
424 505
424 523
425 425
425 439
425 458
425 477
425 482
425 486
426 426
426 440
426 449
426 456
426 464
426 478
426 483
426 514
426 519
427 427
427 447
427 459
427 467
427 501
427 515
427 525
428 428
428 474
428 479
429 429
429 488
429 502
430 430
430 441
430 468
430 489
430 510
431 431
431 492
432 432
432 475
432 511
433 433
433 457
433 460
433 480
433 484
433 503
433 509
434 434
434 450
434 465
434 471
434 490
434 520
435 435
435 491
436 436
436 516
437 437
437 526
438 438
438 526
439 439
439 526
440 440
440 526
441 441
441 526
442 442
442 527
443 443
443 527
444 444
444 527
445 445
445 527
446 446
446 527
447 447
447 527
448 448
448 528
449 449
449 528
450 450
450 528
451 451
451 529
452 452
452 529
453 453
453 529
454 454
454 529
455 455
455 529
456 456
456 529
457 457
457 529
458 458
458 530
459 459
459 530
460 460
460 530
461 461
461 531
462 462
462 531
463 463
463 531
464 464
464 531
465 465
465 531
466 466
466 532
467 467
467 532
468 468
468 532
469 469
469 533
470 470
470 533
471 471
471 533
472 472
472 534
473 473
473 534
474 474
474 535
475 475
475 535
476 476
476 536
477 477
477 536
478 478
478 536
479 479
479 536
480 480
480 536
481 481
481 537
482 482
482 537
483 483
483 537
484 484
484 537
485 485
485 538
486 486
486 538
487 487
487 539
488 488
488 539
489 489
489 539
490 490
490 539
491 491
491 539
492 492
492 540
493 493
493 541
494 494
494 541
495 495
495 541
496 496
496 542
497 497
497 542
498 498
498 542
499 499
499 543
500 500
500 543
501 501
501 543
502 502
502 543
503 503
503 543
504 504
504 544
505 505
505 544
506 506
506 545
507 507
507 545
508 508
508 545
509 509
509 545
510 510
510 546
511 511
511 546
512 512
512 547
513 513
513 547
514 514
514 547
515 515
515 547
516 516
516 547
517 517
517 548
518 518
518 548
519 519
519 548
520 520
520 548
521 521
521 549
522 522
522 549
523 523
523 549
524 524
524 550
525 525
525 550
0 1 1
1 1 1
2 1 1
3 1 1
4 1 1
5 1 1
6 1 1
7 1 1
8 1 1
9 1 1
10 1 1
11 1 1
12 1 1
13 1 1
14 1 1
15 1 1
16 1 1
17 1 1
18 1 1
19 1 1
20 1 1
21 1 1
22 1 1
23 1 1
24 1 1
25 1 1
26 1 1
27 1 1
28 1 1
29 1 1
30 1 1
31 1 1
32 1 1
33 1 1
34 1 1
35 1 1
36 1 1
37 1 1
38 1 1
39 1 1
40 1 1
41 1 1
42 1 1
43 1 1
44 1 1
45 1 1
46 1 1
47 1 1
48 1 1
49 1 1
50 1 1
51 1 1
52 1 1
53 1 1
54 1 1
55 1 1
56 1 1
57 1 1
58 1 1
59 1 1
60 1 1
61 1 1
62 1 1
63 1 1
64 1 1
65 1 1
66 1 1
67 1 1
68 1 1
69 1 1
70 1 1
71 1 1
72 1 1
73 1 1
74 1 1
75 1 1
76 1 1
77 1 1
78 1 1
79 1 1
80 1 1
81 1 1
82 1 1
83 1 1
84 1 1
85 1 1
86 1 1
87 1 1
88 1 1
89 1 1
90 1 1
91 1 1
92 1 1
93 1 1
94 1 1
95 1 1
96 1 1
97 1 1
98 1 1
99 1 1
100 1 1
101 1 1
102 1 1
103 1 1
104 1 1
105 1 1
106 1 1
107 1 1
108 1 1
109 1 1
110 1 1
111 1 1
112 1 1
113 2 1
114 2 1
115 2 1
116 2 1
117 2 1
118 2 1
119 2 1
120 2 1
121 2 1
122 2 1
123 2 1
124 2 1
125 2 1
126 2 1
127 2 1
128 2 1
129 2 1
130 2 1
131 2 1
132 2 1
133 2 1
134 2 1
135 2 1
136 2 1
137 2 1
138 2 1
139 2 1
140 2 1
141 2 1
142 2 1
143 2 1
144 2 1
145 2 1
146 2 1
147 2 1
148 2 1
149 2 1
150 2 1
151 2 1
152 2 1
153 2 1
154 2 1
155 2 1
156 2 1
157 2 1
158 2 1
159 2 1
160 2 1
161 2 1
162 2 1
163 2 1
164 2 1
165 2 1
166 2 1
167 2 1
168 2 1
169 2 1
170 2 1
171 2 1
172 2 1
173 2 1
174 2 1
175 2 1
176 2 1
177 2 1
178 2 1
179 2 1
180 2 1
181 2 1
182 2 1
183 2 1
184 2 1
185 2 1
186 2 1
187 2 1
188 2 1
189 2 1
190 2 1
191 2 1
192 2 1
193 2 1
194 2 1
195 2 1
196 2 1
197 5 1
198 6 1
199 3 1
200 7 1
201 3 1
202 5 1
203 3 1
204 3 1
205 2 1
206 2 1
207 5 1
208 4 1
209 2 1
210 5 1
211 1 1
212 3 1
213 3 1
214 2 1
215 4 1
216 2 1
217 5 1
218 4 1
219 3 1
220 2 1
221 2 1
222 2 1
223 2 1
224 2 1
225 2 1
226 2 1
227 2 1
228 2 1
229 2 1
230 2 1
231 2 1
232 2 1
233 2 1
234 2 1
235 2 1
236 2 1
237 2 1
238 2 1
239 2 1
240 2 1
241 2 1
242 2 1
243 2 1
244 2 1
245 2 1
246 2 1
247 2 1
248 2 1
249 2 1
250 2 1
251 2 1
252 2 1
253 2 1
254 2 1
255 2 1
256 2 1
257 2 1
258 2 1
259 2 1
260 2 1
261 2 1
262 2 1
263 2 1
264 2 1
265 2 1
266 2 1
267 2 1
268 2 1
269 2 1
270 2 1
271 2 1
272 2 1
273 2 1
274 2 1
275 2 1
276 2 1
277 2 1
278 2 1
279 2 1
280 2 1
281 2 1
282 2 1
283 2 1
284 2 1
285 2 1
286 2 1
287 2 1
288 2 1
289 2 1
290 2 1
291 2 1
292 2 1
293 2 1
294 2 1
295 2 1
296 2 1
297 2 1
298 2 1
299 2 1
300 2 1
301 2 1
302 2 1
303 2 1
304 2 1
305 5 1
306 6 1
307 3 1
308 7 1
309 3 1
310 5 1
311 3 1
312 3 1
313 2 1
314 2 1
315 5 1
316 4 1
317 2 1
318 5 1
319 1 1
320 3 1
321 3 1
322 2 1
323 4 1
324 2 1
325 5 1
326 4 1
327 3 1
328 2 1
329 2 1
330 2 1
331 2 1
332 2 1
333 2 1
334 2 1
335 2 1
336 2 1
337 2 1
338 2 1
339 2 1
340 2 1
341 2 1
342 2 1
343 2 1
344 2 1
345 2 1
346 2 1
347 2 1
348 2 1
349 2 1
350 2 1
351 2 1
352 2 1
353 2 1
354 2 1
355 2 1
356 2 1
357 2 1
358 2 1
359 2 1
360 2 1
361 2 1
362 2 1
363 2 1
364 2 1
365 2 1
366 2 1
367 2 1
368 2 1
369 2 1
370 2 1
371 2 1
372 2 1
373 2 1
374 2 1
375 2 1
376 2 1
377 2 1
378 2 1
379 2 1
380 2 1
381 2 1
382 2 1
383 2 1
384 2 1
385 2 1
386 2 1
387 2 1
388 2 1
389 2 1
390 2 1
391 2 1
392 2 1
393 2 1
394 2 1
395 2 1
396 2 1
397 2 1
398 2 1
399 2 1
400 2 1
401 2 1
402 2 1
403 2 1
404 2 1
405 2 1
406 2 1
407 2 1
408 2 1
409 2 1
410 2 1
411 2 1
412 2 1
413 5 1
414 6 1
415 3 1
416 7 1
417 3 1
418 5 1
419 3 1
420 3 1
421 2 1
422 2 1
423 5 1
424 4 1
425 2 1
426 5 1
427 1 1
428 3 1
429 3 1
430 2 1
431 4 1
432 2 1
433 5 1
434 4 1
435 3 1
436 2 1
437 2 1
438 2 1
439 2 1
440 2 1
441 2 1
442 2 1
443 2 1
444 2 1
445 2 1
446 2 1
447 2 1
448 2 1
449 2 1
450 2 1
451 2 1
452 2 1
453 2 1
454 2 1
455 2 1
456 2 1
457 2 1
458 2 1
459 2 1
460 2 1
461 2 1
462 2 1
463 2 1
464 2 1
465 2 1
466 2 1
467 2 1
468 2 1
469 2 1
470 2 1
471 2 1
472 2 1
473 2 1
474 2 1
475 2 1
476 2 1
477 2 1
478 2 1
479 2 1
480 2 1
481 2 1
482 2 1
483 2 1
484 2 1
485 2 1
486 2 1
487 2 1
488 2 1
489 2 1
490 2 1
491 2 1
492 2 1
493 2 1
494 2 1
495 2 1
496 2 1
497 2 1
498 2 1
499 2 1
500 2 1
501 2 1
502 2 1
503 2 1
504 2 1
505 2 1
506 2 1
507 2 1
508 2 1
509 2 1
510 2 1
511 2 1
512 2 1
513 2 1
514 2 1
515 2 1
516 2 1
517 2 1
518 2 1
519 2 1
520 2 1
521 2 1
522 2 1
523 2 1
524 2 1
525 2 1
526 5 1
527 6 1
528 3 1
529 7 1
530 3 1
531 5 1
532 3 1
533 3 1
534 2 1
535 2 1
536 5 1
537 4 1
538 2 1
539 5 1
540 1 1
541 3 1
542 3 1
543 5 1
544 2 1
545 4 1
546 2 1
547 5 1
548 4 1
549 3 1
550 2 1
