%HyperDAG model of naive implementation of 8 iterations of kNN, starting from node number 3 (i.e. sparse vector with 1 entry).
%The probability for having a nonzero in any cell of matrix A is 0.20, and the main diagonal is set to 1.
255 264 771
0 0
0 52
0 84
0 120
0 156
0 192
0 228
1 1
1 53
1 85
1 121
1 157
1 193
1 229
2 2
2 34
2 54
2 86
2 122
2 158
2 194
2 230
3 3
3 55
3 87
3 123
3 159
3 195
3 231
4 4
4 88
4 124
4 160
4 196
4 232
5 5
5 35
5 56
5 89
5 125
5 161
5 197
5 233
6 6
6 57
6 90
6 126
6 162
6 198
6 234
7 7
7 91
7 127
7 163
7 199
7 235
8 8
8 58
8 92
8 128
8 164
8 200
8 236
9 9
9 59
9 93
9 129
9 165
9 201
9 237
10 10
10 28
10 36
10 60
10 94
10 130
10 166
10 202
10 238
11 11
11 37
11 61
11 95
11 131
11 167
11 203
11 239
12 12
12 62
12 96
12 132
12 168
12 204
12 240
13 13
13 29
13 38
13 63
13 97
13 133
13 169
13 205
13 241
14 14
14 39
14 64
14 98
14 134
14 170
14 206
14 242
15 15
15 40
15 65
15 99
15 135
15 171
15 207
15 243
16 16
16 66
16 100
16 136
16 172
16 208
16 244
17 17
17 67
17 101
17 137
17 173
17 209
17 245
18 18
18 102
18 138
18 174
18 210
18 246
19 19
19 68
19 103
19 139
19 175
19 211
19 247
20 20
20 41
20 69
20 104
20 140
20 176
20 212
20 248
21 21
21 70
21 105
21 141
21 177
21 213
21 249
22 22
22 71
22 106
22 142
22 178
22 214
22 250
23 23
23 30
23 42
23 72
23 107
23 143
23 179
23 215
23 251
24 24
24 43
24 73
24 108
24 144
24 180
24 216
24 252
25 25
25 109
25 145
25 181
25 217
25 253
26 26
26 44
26 74
26 110
26 146
26 182
26 218
26 254
27 27
27 28
27 29
27 30
28 28
28 31
29 29
29 32
30 30
30 33
31 31
31 36
31 38
31 42
32 32
32 34
32 35
32 37
32 39
32 40
32 41
32 43
33 33
33 44
34 34
34 45
35 35
35 46
36 36
36 47
37 37
37 47
38 38
38 48
39 39
39 48
40 40
40 49
41 41
41 50
42 42
42 51
43 43
43 51
44 44
44 51
45 45
45 52
45 57
45 59
45 67
45 68
45 71
46 46
46 53
46 55
47 47
47 60
47 63
47 72
48 48
48 54
48 56
48 61
48 64
48 65
48 69
48 73
49 49
49 62
49 66
50 50
50 58
50 70
51 51
51 74
52 52
52 75
53 53
53 75
54 54
54 75
55 55
55 76
56 56
56 76
57 57
57 77
58 58
58 77
59 59
59 78
60 60
60 78
61 61
61 78
62 62
62 78
63 63
63 79
64 64
64 79
65 65
65 80
66 66
66 80
67 67
67 81
68 68
68 82
69 69
69 82
70 70
70 82
71 71
71 83
72 72
72 83
73 73
73 83
74 74
74 83
75 75
75 84
75 90
75 93
75 101
75 103
75 106
76 76
76 85
76 87
77 77
77 88
77 91
78 78
78 94
78 97
78 107
79 79
79 86
79 89
79 95
79 98
79 99
79 104
79 108
80 80
80 96
80 100
81 81
81 102
81 109
82 82
82 92
82 105
83 83
83 110
84 84
84 111
85 85
85 111
86 86
86 111
87 87
87 112
88 88
88 112
89 89
89 112
90 90
90 113
91 91
91 113
92 92
92 113
93 93
93 114
94 94
94 114
95 95
95 114
96 96
96 114
97 97
97 115
98 98
98 115
99 99
99 116
100 100
100 116
101 101
101 117
102 102
102 117
103 103
103 118
104 104
104 118
105 105
105 118
106 106
106 119
107 107
107 119
108 108
108 119
109 109
109 119
110 110
110 119
111 111
111 120
111 126
111 129
111 137
111 139
111 142
112 112
112 121
112 123
113 113
113 124
113 127
114 114
114 130
114 133
114 143
115 115
115 122
115 125
115 131
115 134
115 135
115 140
115 144
116 116
116 132
116 136
117 117
117 138
117 145
118 118
118 128
118 141
119 119
119 146
120 120
120 147
121 121
121 147
122 122
122 147
123 123
123 148
124 124
124 148
125 125
125 148
126 126
126 149
127 127
127 149
128 128
128 149
129 129
129 150
130 130
130 150
131 131
131 150
132 132
132 150
133 133
133 151
134 134
134 151
135 135
135 152
136 136
136 152
137 137
137 153
138 138
138 153
139 139
139 154
140 140
140 154
141 141
141 154
142 142
142 155
143 143
143 155
144 144
144 155
145 145
145 155
146 146
146 155
147 147
147 156
147 162
147 165
147 173
147 175
147 178
148 148
148 157
148 159
149 149
149 160
149 163
150 150
150 166
150 169
150 179
151 151
151 158
151 161
151 167
151 170
151 171
151 176
151 180
152 152
152 168
152 172
153 153
153 174
153 181
154 154
154 164
154 177
155 155
155 182
156 156
156 183
157 157
157 183
158 158
158 183
159 159
159 184
160 160
160 184
161 161
161 184
162 162
162 185
163 163
163 185
164 164
164 185
165 165
165 186
166 166
166 186
167 167
167 186
168 168
168 186
169 169
169 187
170 170
170 187
171 171
171 188
172 172
172 188
173 173
173 189
174 174
174 189
175 175
175 190
176 176
176 190
177 177
177 190
178 178
178 191
179 179
179 191
180 180
180 191
181 181
181 191
182 182
182 191
183 183
183 192
183 198
183 201
183 209
183 211
183 214
184 184
184 193
184 195
185 185
185 196
185 199
186 186
186 202
186 205
186 215
187 187
187 194
187 197
187 203
187 206
187 207
187 212
187 216
188 188
188 204
188 208
189 189
189 210
189 217
190 190
190 200
190 213
191 191
191 218
192 192
192 219
193 193
193 219
194 194
194 219
195 195
195 220
196 196
196 220
197 197
197 220
198 198
198 221
199 199
199 221
200 200
200 221
201 201
201 222
202 202
202 222
203 203
203 222
204 204
204 222
205 205
205 223
206 206
206 223
207 207
207 224
208 208
208 224
209 209
209 225
210 210
210 225
211 211
211 226
212 212
212 226
213 213
213 226
214 214
214 227
215 215
215 227
216 216
216 227
217 217
217 227
218 218
218 227
219 219
219 228
219 234
219 237
219 245
219 247
219 250
220 220
220 229
220 231
221 221
221 232
221 235
222 222
222 238
222 241
222 251
223 223
223 230
223 233
223 239
223 242
223 243
223 248
223 252
224 224
224 240
224 244
225 225
225 246
225 253
226 226
226 236
226 249
227 227
227 254
228 228
228 255
229 229
229 255
230 230
230 255
231 231
231 256
232 232
232 256
233 233
233 256
234 234
234 257
235 235
235 257
236 236
236 257
237 237
237 258
238 238
238 258
239 239
239 258
240 240
240 258
241 241
241 259
242 242
242 259
243 243
243 260
244 244
244 260
245 245
245 261
246 246
246 261
247 247
247 262
248 248
248 262
249 249
249 262
250 250
250 263
251 251
251 263
252 252
252 263
253 253
253 263
254 254
254 263
0 1 1
1 1 1
2 1 1
3 1 1
4 1 1
5 1 1
6 1 1
7 1 1
8 1 1
9 1 1
10 1 1
11 1 1
12 1 1
13 1 1
14 1 1
15 1 1
16 1 1
17 1 1
18 1 1
19 1 1
20 1 1
21 1 1
22 1 1
23 1 1
24 1 1
25 1 1
26 1 1
27 1 1
28 2 1
29 2 1
30 2 1
31 1 1
32 1 1
33 1 1
34 2 1
35 2 1
36 2 1
37 2 1
38 2 1
39 2 1
40 2 1
41 2 1
42 2 1
43 2 1
44 2 1
45 1 1
46 1 1
47 2 1
48 2 1
49 1 1
50 1 1
51 3 1
52 2 1
53 2 1
54 2 1
55 2 1
56 2 1
57 2 1
58 2 1
59 2 1
60 2 1
61 2 1
62 2 1
63 2 1
64 2 1
65 2 1
66 2 1
67 2 1
68 2 1
69 2 1
70 2 1
71 2 1
72 2 1
73 2 1
74 2 1
75 3 1
76 2 1
77 2 1
78 4 1
79 2 1
80 2 1
81 1 1
82 3 1
83 4 1
84 2 1
85 2 1
86 2 1
87 2 1
88 2 1
89 2 1
90 2 1
91 2 1
92 2 1
93 2 1
94 2 1
95 2 1
96 2 1
97 2 1
98 2 1
99 2 1
100 2 1
101 2 1
102 2 1
103 2 1
104 2 1
105 2 1
106 2 1
107 2 1
108 2 1
109 2 1
110 2 1
111 3 1
112 3 1
113 3 1
114 4 1
115 2 1
116 2 1
117 2 1
118 3 1
119 5 1
120 2 1
121 2 1
122 2 1
123 2 1
124 2 1
125 2 1
126 2 1
127 2 1
128 2 1
129 2 1
130 2 1
131 2 1
132 2 1
133 2 1
134 2 1
135 2 1
136 2 1
137 2 1
138 2 1
139 2 1
140 2 1
141 2 1
142 2 1
143 2 1
144 2 1
145 2 1
146 2 1
147 3 1
148 3 1
149 3 1
150 4 1
151 2 1
152 2 1
153 2 1
154 3 1
155 5 1
156 2 1
157 2 1
158 2 1
159 2 1
160 2 1
161 2 1
162 2 1
163 2 1
164 2 1
165 2 1
166 2 1
167 2 1
168 2 1
169 2 1
170 2 1
171 2 1
172 2 1
173 2 1
174 2 1
175 2 1
176 2 1
177 2 1
178 2 1
179 2 1
180 2 1
181 2 1
182 2 1
183 3 1
184 3 1
185 3 1
186 4 1
187 2 1
188 2 1
189 2 1
190 3 1
191 5 1
192 2 1
193 2 1
194 2 1
195 2 1
196 2 1
197 2 1
198 2 1
199 2 1
200 2 1
201 2 1
202 2 1
203 2 1
204 2 1
205 2 1
206 2 1
207 2 1
208 2 1
209 2 1
210 2 1
211 2 1
212 2 1
213 2 1
214 2 1
215 2 1
216 2 1
217 2 1
218 2 1
219 3 1
220 3 1
221 3 1
222 4 1
223 2 1
224 2 1
225 2 1
226 3 1
227 5 1
228 2 1
229 2 1
230 2 1
231 2 1
232 2 1
233 2 1
234 2 1
235 2 1
236 2 1
237 2 1
238 2 1
239 2 1
240 2 1
241 2 1
242 2 1
243 2 1
244 2 1
245 2 1
246 2 1
247 2 1
248 2 1
249 2 1
250 2 1
251 2 1
252 2 1
253 2 1
254 2 1
255 3 1
256 3 1
257 3 1
258 4 1
259 2 1
260 2 1
261 2 1
262 3 1
263 5 1
