%HyperDAG model of naive implementation of A^4 *v with sparse matrix A and dense vector v.
%The probability for having a nonzero in any cell of matrix A is 0.20
436 455 1294
0 0
0 93
0 185
0 275
0 365
1 1
1 94
1 186
1 276
1 366
2 2
2 95
2 187
2 277
2 367
3 3
3 96
3 188
3 278
3 368
4 4
4 97
4 189
4 279
4 369
5 5
5 98
5 190
5 280
5 370
6 6
6 99
6 191
6 281
6 371
7 7
7 100
7 192
7 282
7 372
8 8
8 101
8 193
8 283
8 373
9 9
9 102
10 10
10 103
10 194
10 284
10 374
11 11
11 104
11 195
11 285
11 375
12 12
12 105
12 196
12 286
12 376
13 13
13 106
13 197
13 287
13 377
14 14
14 107
14 198
14 288
14 378
15 15
15 108
15 199
15 289
15 379
16 16
16 109
16 200
16 290
16 380
17 17
17 110
17 201
17 291
17 381
18 18
18 111
18 202
18 292
18 382
19 19
19 112
19 203
19 293
19 383
20 20
20 113
20 204
20 294
20 384
21 21
21 114
21 205
21 295
21 385
22 22
22 115
22 206
22 296
22 386
23 23
23 116
23 207
23 297
23 387
24 24
24 117
24 208
24 298
24 388
25 25
25 118
25 209
25 299
25 389
26 26
26 119
26 210
26 300
26 390
27 27
27 120
27 211
27 301
27 391
28 28
28 121
28 212
28 302
28 392
29 29
29 122
29 213
29 303
29 393
30 30
30 123
30 214
30 304
30 394
31 31
31 124
31 215
31 305
31 395
32 32
32 125
32 216
32 306
32 396
33 33
33 126
33 217
33 307
33 397
34 34
34 127
34 218
34 308
34 398
35 35
35 128
35 219
35 309
35 399
36 36
36 129
36 220
36 310
36 400
37 37
37 130
37 221
37 311
37 401
38 38
38 131
38 222
38 312
38 402
39 39
39 132
39 223
39 313
39 403
40 40
40 133
40 224
40 314
40 404
41 41
41 134
41 225
41 315
41 405
42 42
42 135
42 226
42 316
42 406
43 43
43 136
43 227
43 317
43 407
44 44
44 137
44 228
44 318
44 408
45 45
45 138
45 229
45 319
45 409
46 46
46 139
46 230
46 320
46 410
47 47
47 140
47 231
47 321
47 411
48 48
48 141
48 232
48 322
48 412
49 49
49 142
49 233
49 323
49 413
50 50
50 143
50 234
50 324
50 414
51 51
51 144
51 235
51 325
51 415
52 52
52 145
53 53
53 146
53 236
53 326
53 416
54 54
54 147
54 237
54 327
54 417
55 55
55 148
55 238
55 328
55 418
56 56
56 149
56 239
56 329
56 419
57 57
57 150
57 240
57 330
57 420
58 58
58 151
58 241
58 331
58 421
59 59
59 152
59 242
59 332
59 422
60 60
60 153
60 243
60 333
60 423
61 61
61 154
61 244
61 334
61 424
62 62
62 155
62 245
62 335
62 425
63 63
63 156
63 246
63 336
63 426
64 64
64 157
64 247
64 337
64 427
65 65
65 158
65 248
65 338
65 428
66 66
66 159
66 249
66 339
66 429
67 67
67 160
67 250
67 340
67 430
68 68
68 161
68 251
68 341
68 431
69 69
69 162
69 252
69 342
69 432
70 70
70 163
70 253
70 343
70 433
71 71
71 164
71 254
71 344
71 434
72 72
72 165
72 255
72 345
72 435
73 73
73 93
73 135
73 139
73 141
73 147
73 160
74 74
74 110
74 119
74 154
74 161
75 75
75 142
76 76
76 94
76 106
76 143
76 155
77 77
77 111
77 126
77 151
77 162
78 78
78 99
78 112
78 132
78 136
78 140
78 144
78 153
79 79
79 113
79 156
79 163
80 80
80 100
80 124
80 137
80 148
80 157
81 81
81 107
81 114
81 127
81 149
81 158
82 82
82 120
82 133
82 159
83 83
83 95
83 101
84 84
84 102
84 145
85 85
85 96
85 103
85 108
85 116
85 152
86 86
86 97
86 125
87 87
87 117
87 121
87 128
88 88
88 129
88 146
88 164
89 89
89 109
89 115
89 122
89 130
89 138
89 150
90 90
90 134
91 91
91 98
91 105
91 123
91 131
91 165
92 92
92 104
92 118
93 93
93 166
94 94
94 166
95 95
95 166
96 96
96 166
97 97
97 166
98 98
98 166
99 99
99 167
100 100
100 167
101 101
101 167
102 102
102 167
103 103
103 167
104 104
104 167
105 105
105 168
106 106
106 169
107 107
107 169
108 108
108 169
109 109
109 169
110 110
110 170
111 111
111 170
112 112
112 170
113 113
113 170
114 114
114 170
115 115
115 170
116 116
116 171
117 117
117 171
118 118
118 171
119 119
119 172
120 120
120 172
121 121
121 172
122 122
122 172
123 123
123 172
124 124
124 173
125 125
125 173
126 126
126 174
127 127
127 174
128 128
128 174
129 129
129 174
130 130
130 174
131 131
131 174
132 132
132 175
133 133
133 175
134 134
134 175
135 135
135 176
136 136
136 176
137 137
137 176
138 138
138 176
139 139
139 177
140 140
140 177
141 141
141 178
142 142
142 178
143 143
143 178
144 144
144 178
145 145
145 178
146 146
146 178
147 147
147 179
148 148
148 179
149 149
149 179
150 150
150 179
151 151
151 180
152 152
152 180
153 153
153 181
154 154
154 182
155 155
155 182
156 156
156 182
157 157
157 182
158 158
158 182
159 159
159 183
160 160
160 184
161 161
161 184
162 162
162 184
163 163
163 184
164 164
164 184
165 165
165 184
166 166
166 185
166 226
166 230
166 232
166 237
166 250
167 167
167 201
167 210
167 244
167 251
168 168
168 233
169 169
169 186
169 197
169 234
169 245
170 170
170 202
170 217
170 241
170 252
171 171
171 191
171 203
171 223
171 227
171 231
171 235
171 243
172 172
172 204
172 246
172 253
173 173
173 192
173 215
173 228
173 238
173 247
174 174
174 198
174 205
174 218
174 239
174 248
175 175
175 211
175 224
175 249
176 176
176 187
176 193
177 177
177 188
177 194
177 199
177 207
177 242
178 178
178 189
178 216
179 179
179 208
179 212
179 219
180 180
180 220
180 236
180 254
181 181
181 200
181 206
181 213
181 221
181 229
181 240
182 182
182 225
183 183
183 190
183 196
183 214
183 222
183 255
184 184
184 195
184 209
185 185
185 256
186 186
186 256
187 187
187 256
188 188
188 256
189 189
189 256
190 190
190 256
191 191
191 257
192 192
192 257
193 193
193 257
194 194
194 257
195 195
195 257
196 196
196 258
197 197
197 259
198 198
198 259
199 199
199 259
200 200
200 259
201 201
201 260
202 202
202 260
203 203
203 260
204 204
204 260
205 205
205 260
206 206
206 260
207 207
207 261
208 208
208 261
209 209
209 261
210 210
210 262
211 211
211 262
212 212
212 262
213 213
213 262
214 214
214 262
215 215
215 263
216 216
216 263
217 217
217 264
218 218
218 264
219 219
219 264
220 220
220 264
221 221
221 264
222 222
222 264
223 223
223 265
224 224
224 265
225 225
225 265
226 226
226 266
227 227
227 266
228 228
228 266
229 229
229 266
230 230
230 267
231 231
231 267
232 232
232 268
233 233
233 268
234 234
234 268
235 235
235 268
236 236
236 268
237 237
237 269
238 238
238 269
239 239
239 269
240 240
240 269
241 241
241 270
242 242
242 270
243 243
243 271
244 244
244 272
245 245
245 272
246 246
246 272
247 247
247 272
248 248
248 272
249 249
249 273
250 250
250 274
251 251
251 274
252 252
252 274
253 253
253 274
254 254
254 274
255 255
255 274
256 256
256 275
256 316
256 320
256 322
256 327
256 340
257 257
257 291
257 300
257 334
257 341
258 258
258 323
259 259
259 276
259 287
259 324
259 335
260 260
260 292
260 307
260 331
260 342
261 261
261 281
261 293
261 313
261 317
261 321
261 325
261 333
262 262
262 294
262 336
262 343
263 263
263 282
263 305
263 318
263 328
263 337
264 264
264 288
264 295
264 308
264 329
264 338
265 265
265 301
265 314
265 339
266 266
266 277
266 283
267 267
267 278
267 284
267 289
267 297
267 332
268 268
268 279
268 306
269 269
269 298
269 302
269 309
270 270
270 310
270 326
270 344
271 271
271 290
271 296
271 303
271 311
271 319
271 330
272 272
272 315
273 273
273 280
273 286
273 304
273 312
273 345
274 274
274 285
274 299
275 275
275 346
276 276
276 346
277 277
277 346
278 278
278 346
279 279
279 346
280 280
280 346
281 281
281 347
282 282
282 347
283 283
283 347
284 284
284 347
285 285
285 347
286 286
286 348
287 287
287 349
288 288
288 349
289 289
289 349
290 290
290 349
291 291
291 350
292 292
292 350
293 293
293 350
294 294
294 350
295 295
295 350
296 296
296 350
297 297
297 351
298 298
298 351
299 299
299 351
300 300
300 352
301 301
301 352
302 302
302 352
303 303
303 352
304 304
304 352
305 305
305 353
306 306
306 353
307 307
307 354
308 308
308 354
309 309
309 354
310 310
310 354
311 311
311 354
312 312
312 354
313 313
313 355
314 314
314 355
315 315
315 355
316 316
316 356
317 317
317 356
318 318
318 356
319 319
319 356
320 320
320 357
321 321
321 357
322 322
322 358
323 323
323 358
324 324
324 358
325 325
325 358
326 326
326 358
327 327
327 359
328 328
328 359
329 329
329 359
330 330
330 359
331 331
331 360
332 332
332 360
333 333
333 361
334 334
334 362
335 335
335 362
336 336
336 362
337 337
337 362
338 338
338 362
339 339
339 363
340 340
340 364
341 341
341 364
342 342
342 364
343 343
343 364
344 344
344 364
345 345
345 364
346 346
346 365
346 406
346 410
346 412
346 417
346 430
347 347
347 381
347 390
347 424
347 431
348 348
348 413
349 349
349 366
349 377
349 414
349 425
350 350
350 382
350 397
350 421
350 432
351 351
351 371
351 383
351 403
351 407
351 411
351 415
351 423
352 352
352 384
352 426
352 433
353 353
353 372
353 395
353 408
353 418
353 427
354 354
354 378
354 385
354 398
354 419
354 428
355 355
355 391
355 404
355 429
356 356
356 367
356 373
357 357
357 368
357 374
357 379
357 387
357 422
358 358
358 369
358 396
359 359
359 388
359 392
359 399
360 360
360 400
360 416
360 434
361 361
361 380
361 386
361 393
361 401
361 409
361 420
362 362
362 405
363 363
363 370
363 376
363 394
363 402
363 435
364 364
364 375
364 389
365 365
365 436
366 366
366 436
367 367
367 436
368 368
368 436
369 369
369 436
370 370
370 436
371 371
371 437
372 372
372 437
373 373
373 437
374 374
374 437
375 375
375 437
376 376
376 438
377 377
377 439
378 378
378 439
379 379
379 439
380 380
380 439
381 381
381 440
382 382
382 440
383 383
383 440
384 384
384 440
385 385
385 440
386 386
386 440
387 387
387 441
388 388
388 441
389 389
389 441
390 390
390 442
391 391
391 442
392 392
392 442
393 393
393 442
394 394
394 442
395 395
395 443
396 396
396 443
397 397
397 444
398 398
398 444
399 399
399 444
400 400
400 444
401 401
401 444
402 402
402 444
403 403
403 445
404 404
404 445
405 405
405 445
406 406
406 446
407 407
407 446
408 408
408 446
409 409
409 446
410 410
410 447
411 411
411 447
412 412
412 448
413 413
413 448
414 414
414 448
415 415
415 448
416 416
416 448
417 417
417 449
418 418
418 449
419 419
419 449
420 420
420 449
421 421
421 450
422 422
422 450
423 423
423 451
424 424
424 452
425 425
425 452
426 426
426 452
427 427
427 452
428 428
428 452
429 429
429 453
430 430
430 454
431 431
431 454
432 432
432 454
433 433
433 454
434 434
434 454
435 435
435 454
0 1 1
1 1 1
2 1 1
3 1 1
4 1 1
5 1 1
6 1 1
7 1 1
8 1 1
9 1 1
10 1 1
11 1 1
12 1 1
13 1 1
14 1 1
15 1 1
16 1 1
17 1 1
18 1 1
19 1 1
20 1 1
21 1 1
22 1 1
23 1 1
24 1 1
25 1 1
26 1 1
27 1 1
28 1 1
29 1 1
30 1 1
31 1 1
32 1 1
33 1 1
34 1 1
35 1 1
36 1 1
37 1 1
38 1 1
39 1 1
40 1 1
41 1 1
42 1 1
43 1 1
44 1 1
45 1 1
46 1 1
47 1 1
48 1 1
49 1 1
50 1 1
51 1 1
52 1 1
53 1 1
54 1 1
55 1 1
56 1 1
57 1 1
58 1 1
59 1 1
60 1 1
61 1 1
62 1 1
63 1 1
64 1 1
65 1 1
66 1 1
67 1 1
68 1 1
69 1 1
70 1 1
71 1 1
72 1 1
73 1 1
74 1 1
75 1 1
76 1 1
77 1 1
78 1 1
79 1 1
80 1 1
81 1 1
82 1 1
83 1 1
84 1 1
85 1 1
86 1 1
87 1 1
88 1 1
89 1 1
90 1 1
91 1 1
92 1 1
93 2 1
94 2 1
95 2 1
96 2 1
97 2 1
98 2 1
99 2 1
100 2 1
101 2 1
102 2 1
103 2 1
104 2 1
105 2 1
106 2 1
107 2 1
108 2 1
109 2 1
110 2 1
111 2 1
112 2 1
113 2 1
114 2 1
115 2 1
116 2 1
117 2 1
118 2 1
119 2 1
120 2 1
121 2 1
122 2 1
123 2 1
124 2 1
125 2 1
126 2 1
127 2 1
128 2 1
129 2 1
130 2 1
131 2 1
132 2 1
133 2 1
134 2 1
135 2 1
136 2 1
137 2 1
138 2 1
139 2 1
140 2 1
141 2 1
142 2 1
143 2 1
144 2 1
145 2 1
146 2 1
147 2 1
148 2 1
149 2 1
150 2 1
151 2 1
152 2 1
153 2 1
154 2 1
155 2 1
156 2 1
157 2 1
158 2 1
159 2 1
160 2 1
161 2 1
162 2 1
163 2 1
164 2 1
165 2 1
166 6 1
167 6 1
168 1 1
169 4 1
170 6 1
171 3 1
172 5 1
173 2 1
174 6 1
175 3 1
176 4 1
177 2 1
178 6 1
179 4 1
180 2 1
181 1 1
182 5 1
183 1 1
184 6 1
185 2 1
186 2 1
187 2 1
188 2 1
189 2 1
190 2 1
191 2 1
192 2 1
193 2 1
194 2 1
195 2 1
196 2 1
197 2 1
198 2 1
199 2 1
200 2 1
201 2 1
202 2 1
203 2 1
204 2 1
205 2 1
206 2 1
207 2 1
208 2 1
209 2 1
210 2 1
211 2 1
212 2 1
213 2 1
214 2 1
215 2 1
216 2 1
217 2 1
218 2 1
219 2 1
220 2 1
221 2 1
222 2 1
223 2 1
224 2 1
225 2 1
226 2 1
227 2 1
228 2 1
229 2 1
230 2 1
231 2 1
232 2 1
233 2 1
234 2 1
235 2 1
236 2 1
237 2 1
238 2 1
239 2 1
240 2 1
241 2 1
242 2 1
243 2 1
244 2 1
245 2 1
246 2 1
247 2 1
248 2 1
249 2 1
250 2 1
251 2 1
252 2 1
253 2 1
254 2 1
255 2 1
256 6 1
257 5 1
258 1 1
259 4 1
260 6 1
261 3 1
262 5 1
263 2 1
264 6 1
265 3 1
266 4 1
267 2 1
268 5 1
269 4 1
270 2 1
271 1 1
272 5 1
273 1 1
274 6 1
275 2 1
276 2 1
277 2 1
278 2 1
279 2 1
280 2 1
281 2 1
282 2 1
283 2 1
284 2 1
285 2 1
286 2 1
287 2 1
288 2 1
289 2 1
290 2 1
291 2 1
292 2 1
293 2 1
294 2 1
295 2 1
296 2 1
297 2 1
298 2 1
299 2 1
300 2 1
301 2 1
302 2 1
303 2 1
304 2 1
305 2 1
306 2 1
307 2 1
308 2 1
309 2 1
310 2 1
311 2 1
312 2 1
313 2 1
314 2 1
315 2 1
316 2 1
317 2 1
318 2 1
319 2 1
320 2 1
321 2 1
322 2 1
323 2 1
324 2 1
325 2 1
326 2 1
327 2 1
328 2 1
329 2 1
330 2 1
331 2 1
332 2 1
333 2 1
334 2 1
335 2 1
336 2 1
337 2 1
338 2 1
339 2 1
340 2 1
341 2 1
342 2 1
343 2 1
344 2 1
345 2 1
346 6 1
347 5 1
348 1 1
349 4 1
350 6 1
351 3 1
352 5 1
353 2 1
354 6 1
355 3 1
356 4 1
357 2 1
358 5 1
359 4 1
360 2 1
361 1 1
362 5 1
363 1 1
364 6 1
365 2 1
366 2 1
367 2 1
368 2 1
369 2 1
370 2 1
371 2 1
372 2 1
373 2 1
374 2 1
375 2 1
376 2 1
377 2 1
378 2 1
379 2 1
380 2 1
381 2 1
382 2 1
383 2 1
384 2 1
385 2 1
386 2 1
387 2 1
388 2 1
389 2 1
390 2 1
391 2 1
392 2 1
393 2 1
394 2 1
395 2 1
396 2 1
397 2 1
398 2 1
399 2 1
400 2 1
401 2 1
402 2 1
403 2 1
404 2 1
405 2 1
406 2 1
407 2 1
408 2 1
409 2 1
410 2 1
411 2 1
412 2 1
413 2 1
414 2 1
415 2 1
416 2 1
417 2 1
418 2 1
419 2 1
420 2 1
421 2 1
422 2 1
423 2 1
424 2 1
425 2 1
426 2 1
427 2 1
428 2 1
429 2 1
430 2 1
431 2 1
432 2 1
433 2 1
434 2 1
435 2 1
436 6 1
437 5 1
438 1 1
439 4 1
440 6 1
441 3 1
442 5 1
443 2 1
444 6 1
445 3 1
446 4 1
447 2 1
448 5 1
449 4 1
450 2 1
451 1 1
452 5 1
453 1 1
454 6 1
